Za.grd
DSAA
81	81
-200	200
-200	200
-1442.77	18331.7
[rows 0 to 28 of 81, columns 0 to 65 of 81]
-90.5976 -91.5828 -92.567 -93.5559 -94.5564 -95.577 -96.6278 -97.7204 -98.8688 -100.089 -101.398 -102.817 -104.368 -106.076 -107.968 -110.074 -112.425 -115.055 -118 -121.294 -124.977 -129.085 -133.654 -138.722 -144.32 -150.48 -157.227 -164.584 -172.564 -181.177 -190.422 -200.289 -210.761 -221.808 -233.391 -245.46 -257.956 -270.809 -283.939 -297.261 -310.68 -324.098 -337.413 -350.521 -363.319 -375.706 -387.584 -398.86 -409.451 -419.279 -428.278 -436.392 -443.575 -449.793 -455.023 -459.253 -462.482 -464.717 -465.978 -466.29 -465.687 -464.208 -461.897 -458.805 -454.983 -450.486
-88.3181 -89.0468 -89.7556 -90.4497 -91.1358 -91.822 -92.5186 -93.2377 -93.9935 -94.8029 -95.6853 -96.6625 -97.7596 -99.0042 -100.427 -102.062 -103.945 -106.116 -108.616 -111.487 -114.775 -118.525 -122.782 -127.592 -132.995 -139.033 -145.739 -153.144 -161.271 -170.135 -179.741 -190.085 -201.151 -212.911 -225.324 -238.339 -251.889 -265.897 -280.275 -294.924 -309.739 -324.605 -339.405 -354.019 -368.327 -382.21 -395.555 -408.253 -420.207 -431.325 -441.532 -450.759 -458.955 -466.079 -472.104 -477.018 -480.817 -483.512 -485.124 -485.683 -485.227 -483.802 -481.46 -478.256 -474.251 -469.505
-85.6666 -86.0993 -86.4895 -86.8415 -87.1613 -87.4568 -87.7379 -88.0167 -88.3081 -88.6295 -89.0017 -89.4483 -89.9966 -90.6774 -91.5251 -92.5778 -93.8773 -95.4686 -97.4001 -99.7227 -102.49 -105.756 -109.577 -114.007 -119.1 -124.907 -131.473 -138.84 -147.04 -156.096 -166.023 -176.822 -188.482 -200.975 -214.263 -228.289 -242.982 -258.256 -274.014 -290.142 -306.521 -323.018 -339.498 -355.822 -371.849 -387.441 -402.465 -416.795 -430.314 -442.919 -454.516 -465.029 -474.396 -482.569 -489.518 -495.227 -499.694 -502.93 -504.96 -505.819 -505.551 -504.208 -501.851 -498.543 -494.353 -489.35
-82.6197 -82.7133 -82.7374 -82.6951 -82.5914 -82.4335 -82.2306 -81.9947 -81.7407 -81.4866 -81.254 -81.0685 -80.9595 -80.9609 -81.1109 -81.4524 -82.0328 -82.9041 -84.1222 -85.7472 -87.842 -90.4725 -93.7057 -97.6091 -102.249 -107.69 -113.992 -121.207 -129.382 -138.552 -148.741 -159.958 -172.198 -185.439 -199.641 -214.745 -230.675 -247.338 -264.621 -282.398 -300.531 -318.868 -337.252 -355.521 -373.51 -391.058 -408.009 -424.214 -439.536 -453.853 -467.057 -479.056 -489.779 -499.169 -507.192 -513.828 -519.075 -522.948 -525.475 -526.696 -526.663 -525.437 -523.087 -519.685 -515.31 -510.043
-79.154 -78.8617 -78.4677 -77.9738 -77.3836 -76.7029 -75.9401 -75.1063 -74.2162 -73.2881 -72.3442 -71.4114 -70.5213 -69.7108 -69.022 -68.5029 -68.207 -68.1936 -68.5275 -69.2786 -70.5213 -72.334 -74.7974 -77.9941 -82.0061 -86.9137 -92.7931 -99.7142 -107.738 -116.916 -127.283 -138.862 -151.654 -165.644 -180.794 -197.043 -214.31 -232.491 -251.462 -271.079 -291.183 -311.599 -332.145 -352.63 -372.863 -392.654 -411.819 -430.184 -447.586 -463.882 -478.943 -492.664 -504.958 -515.762 -525.033 -532.75 -538.911 -543.533 -546.649 -548.306 -548.564 -547.496 -545.178 -541.697 -537.141 -531.602
-75.2468 -74.5176 -73.6491 -72.641 -71.495 -70.2152 -68.8082 -67.2843 -65.6571 -63.9445 -62.1691 -60.3588 -58.5469 -56.7733 -55.0839 -53.5318 -52.1772 -51.0874 -50.3366 -50.0061 -50.1832 -50.9607 -52.4355 -54.7075 -57.8776 -62.0455 -67.3076 -73.754 -81.4656 -90.5114 -100.945 -112.802 -126.098 -140.823 -156.945 -174.403 -193.109 -212.951 -233.789 -255.46 -277.78 -300.549 -323.554 -346.571 -369.376 -391.744 -413.459 -434.316 -454.122 -472.707 -489.921 -505.638 -519.758 -532.205 -542.93 -551.908 -559.138 -564.639 -568.452 -570.632 -571.249 -570.386 -568.134 -564.591 -559.86 -554.045
-70.8762 -69.655 -68.2507 -66.6603 -64.8829 -62.92 -60.7764 -58.46 -55.9832 -53.3629 -50.6213 -47.7867 -44.8939 -41.985 -39.11 -36.327 -33.703 -31.3139 -29.2445 -27.5884 -26.4476 -25.9313 -26.1553 -27.24 -29.3084 -32.4837 -36.8868 -42.6324 -49.8261 -58.5603 -68.9105 -80.9315 -94.654 -110.081 -127.186 -145.909 -166.161 -187.816 -210.718 -234.684 -259.501 -284.937 -310.742 -336.656 -362.413 -387.75 -412.409 -436.146 -458.736 -479.976 -499.688 -517.724 -533.965 -548.323 -560.742 -571.191 -579.672 -586.207 -590.844 -593.648 -594.703 -594.104 -591.958 -588.376 -583.479 -577.385
-66.0213 -64.249 -62.2428 -59.9961 -57.5049 -54.7675 -51.7855 -48.5642 -45.1134 -41.4484 -37.5901 -33.5665 -29.4131 -25.1741 -20.9026 -16.662 -12.5261 -8.57989 -4.9194 -1.65205 1.10394 3.22025 4.55967 4.97785 4.32548 2.45115 -0.795376 -5.55926 -11.9764 -20.1686 -30.2392 -42.2679 -56.3064 -72.3739 -90.4541 -110.492 -132.394 -156.024 -181.21 -207.74 -235.372 -263.835 -292.837 -322.072 -351.227 -379.987 -408.05 -435.125 -460.944 -485.266 -507.881 -528.614 -547.324 -563.909 -578.301 -590.469 -600.412 -608.161 -613.77 -617.319 -618.905 -618.639 -616.645 -613.054 -608.003 -601.63
-60.663 -58.2764 -55.5971 -52.6146 -49.3205 -45.709 -41.7775 -37.5276 -32.9659 -28.1044 -22.962 -17.5653 -11.9498 -6.16042 -0.253398 5.70339 11.6292 17.43 22.9974 28.2092 32.929 37.007 40.2814 42.5798 43.7222 43.5235 41.7979 38.3633 33.0463 25.6882 16.1507 4.32183 -9.87769 -26.4894 -45.5122 -66.8989 -90.5536 -116.331 -144.039 -173.437 -204.245 -236.15 -268.807 -301.857 -334.927 -367.646 -399.652 -430.6 -460.171 -488.078 -514.073 -537.946 -559.533 -578.713 -595.408 -609.582 -621.236 -630.408 -637.163 -641.596 -643.821 -643.97 -642.186 -638.622 -633.435 -626.785
-54.7844 -51.716 -48.2877 -44.484 -40.2909 -35.6974 -30.6958 -25.2826 -19.4595 -13.2344 -6.62259 0.351928 7.65529 15.2423 23.0551 31.0218 39.0552 47.0519 54.8912 62.4345 69.5256 75.9907 81.6399 86.2684 89.66 91.5899 91.8294 90.1516 86.337 80.181 71.5009 60.1438 45.9939 28.98 9.08144 -13.6667 -39.1704 -67.2748 -97.7656 -130.371 -164.769 -200.591 -237.435 -274.873 -312.466 -349.769 -386.352 -421.803 -455.741 -487.825 -517.757 -545.292 -570.234 -592.441 -611.823 -628.339 -641.994 -652.833 -660.937 -666.417 -669.409 -670.068 -668.562 -665.069 -659.769 -652.848
-48.3708 -44.5494 -40.2916 -35.5754 -30.3804 -24.6891 -18.4869 -11.7639 -4.51532 3.25669 11.5421 20.3213 29.5635 39.225 49.2475 59.5563 70.0586 80.6419 91.1727 101.496 111.432 120.783 129.325 136.818 143.002 147.606 150.35 150.952 149.137 144.643 137.232 126.699 112.879 95.6638 75.0009 50.9072 23.471 -7.14501 -40.7039 -76.8976 -115.353 -155.641 -197.287 -239.785 -282.609 -325.231 -367.136 -407.83 -446.859 -483.814 -518.342 -550.149 -579.006 -604.745 -627.264 -646.515 -662.508 -675.299 -684.987 -691.704 -695.612 -696.894 -695.746 -692.375 -686.993 -679.81
-41.4113 -36.762 -31.5894 -25.864 -19.5576 -12.6442 -5.10121 3.08985 11.9419 21.4607 31.6435 42.4773 53.9363 65.9805 78.553 91.5779 104.958 118.573 132.276 145.894 159.227 172.045 184.089 195.077 204.701 212.632 218.532 222.052 222.849 220.589 214.965 205.705 192.586 175.443 154.185 128.802 99.369 66.055 29.1201 -11.0865 -54.1336 -99.5188 -146.681 -195.02 -243.907 -292.711 -340.813 -387.623 -432.594 -475.238 -515.133 -551.931 -585.36 -615.224 -641.402 -663.846 -682.57 -697.644 -709.188 -717.363 -722.36 -724.395 -723.699 -720.514 -715.085 -707.656
-33.8984 -28.3429 -22.1662 -15.3298 -7.79583 0.471475 9.50512 19.334 29.9816 41.4639 53.7882 66.9502 80.9323 95.7006 111.202 127.362 144.08 161.231 178.654 196.161 213.525 230.485 246.743 261.969 275.798 287.839 297.678 304.89 309.045 309.727 306.538 299.124 287.182 270.481 248.873 222.309 190.845 154.65 114.008 69.3153 21.0697 -30.1394 -83.6487 -138.741 -194.666 -250.666 -305.996 -359.947 -411.863 -461.158 -507.328 -549.959 -588.728 -623.407 -653.858 -680.028 -701.937 -719.678 -733.395 -743.281 -749.567 -752.507 -752.373 -749.448 -744.017 -736.361
-25.8292 -19.2864 -12.0126 -3.95859 4.9248 14.6854 25.3687 37.0165 49.6654 63.3448 78.0747 93.8632 110.704 128.572 147.422 167.183 187.757 209.01 230.776 252.846 274.97 296.854 318.156 338.49 357.43 374.507 389.224 401.06 409.486 413.977 414.03 409.182 399.031 383.257 361.639 334.073 300.583 261.335 216.636 166.931 112.797 54.9273 -5.89241 -68.8049 -132.911 -197.298 -261.069 -323.37 -383.41 -440.488 -493.999 -543.45 -588.459 -628.76 -664.195 -694.707 -720.331 -741.18 -757.434 -769.326 -777.13 -781.15 -781.705 -779.128 -773.748 -765.891
-17.2059 -9.59241 -1.12551 8.25668 18.6166 30.0165 42.5168 56.1752 71.0446 87.1709 104.591 123.328 143.392 164.771 187.431 211.311 236.314 262.308 289.117 316.518 344.236 371.94 399.245 425.703 450.815 474.026 494.739 512.322 526.122 535.484 539.772 538.39 530.81 516.596 495.429 467.131 431.679 389.227 340.1 284.801 223.997 158.503 89.2536 17.2746 -56.3526 -130.527 -204.167 -276.239 -345.792 -411.981 -474.083 -531.508 -583.808 -630.67 -671.915 -707.487 -737.434 -761.902 -781.111 -795.344 -804.93 -810.23 -811.621 -809.492 -804.227 -796.202
-8.03649 0.732568 10.4909 21.3149 33.2828 46.4736 60.9659 76.8362 94.1573 112.996 133.408 155.441 179.121 204.458 231.434 259.999 290.069 321.512 354.15 387.748 422.006 456.559 490.97 524.729 557.254 587.89 615.925 640.593 661.095 676.62 686.364 689.567 685.54 673.698 653.595 624.95 587.678 541.902 487.965 426.431 358.072 283.847 204.868 122.368 37.6489 -47.9587 -133.144 -216.66 -297.357 -374.216 -446.372 -513.121 -573.934 -628.448 -676.462 -717.918 -752.889 -781.56 -804.203 -821.161 -832.83 -839.637 -842.032 -840.466 -835.39 -827.239
1.66458 11.6747 22.8241 35.2057 48.9161 64.0539 80.7189 99.0105 119.025 140.855 164.582 190.278 217.997 247.774 279.612 313.483 349.317 386.994 426.336 467.099 508.966 551.534 594.317 636.733 678.11 717.682 754.6 787.945 816.742 839.987 856.676 865.843 866.596 858.16 839.921 811.466 772.615 723.445 664.311 595.84 518.926 434.698 344.485 249.766 152.116 53.1456 -45.5569 -142.479 -236.232 -325.587 -409.505 -487.151 -557.899 -621.328 -677.213 -725.503 -766.302 -799.842 -826.463 -846.582 -860.673 -869.247 -872.833 -871.964 -867.163 -858.934
11.8758 23.2122 35.8521 49.9079 65.4968 82.7405 101.764 122.692 145.651 170.762 198.14 227.889 260.095 294.825 332.114 371.962 414.322 459.093 506.105 555.113 605.783 657.684 710.274 762.901 814.79 865.052 912.684 956.583 995.569 1028.41 1053.85 1070.66 1077.72 1073.99 1058.65 1031.1 991.044 938.483 873.769 797.599 711.005 615.318 512.127 403.213 290.482 175.888 61.3595 -51.2684 -160.314 -264.297 -361.97 -452.338 -534.664 -608.465 -673.489 -729.699 -777.239 -816.407 -847.622 -871.391 -888.286 -898.916 -903.907 -903.884 -899.456 -891.205
22.5679 35.3141 49.5431 65.3886 82.9921 102.501 124.07 147.855 174.015 202.707 234.085 268.292 305.456 345.683 389.05 435.594 485.302 538.101 593.841 652.283 713.086 775.791 839.809 904.409 968.712 1031.69 1092.16 1148.82 1200.23 1244.89 1281.25 1307.77 1322.99 1325.59 1314.47 1288.78 1248.06 1192.2 1121.55 1036.86 939.32 830.511 712.33 586.925 456.607 323.748 190.695 59.6759 -67.2722 -188.363 -302.1 -407.301 -503.101 -588.944 -664.556 -729.921 -785.239 -830.888 -867.387 -895.354 -915.48 -928.489 -935.122 -936.111 -932.165 -923.959
33.7035 47.9402 63.8537 81.6022 101.354 123.287 147.588 174.449 204.07 236.649 272.384 311.468 354.077 400.37 450.475 504.477 562.412 624.246 689.859 759.035 831.433 906.576 983.83 1062.39 1141.26 1219.27 1295.04 1367.01 1433.47 1492.6 1542.47 1581.16 1606.83 1617.77 1612.51 1589.92 1549.28 1490.35 1413.43 1319.34 1209.46 1085.64 950.15 805.595 654.775 500.578 345.859 193.325 45.4447 -95.6261 -228.095 -350.558 -462.003 -561.793 -649.638 -725.554 -789.814 -842.899 -885.451 -918.226 -942.053 -957.796 -966.331 -968.515 -965.174 -957.086
45.2367 61.0401 78.7291 98.4891 120.519 145.03 172.246 202.402 235.74 272.511 312.965 357.351 405.907 458.853 516.381 578.641 645.728 717.666 794.382 875.693 961.277 1050.65 1143.14 1237.88 1333.75 1429.41 1523.28 1613.51 1698.08 1774.76 1841.2 1895.03 1933.9 1955.62 1958.28 1940.35 1900.81 1839.2 1755.75 1651.34 1527.56 1386.58 1231.13 1064.36 889.674 710.577 530.551 352.886 180.575 16.2162 -138.046 -280.546 -410.105 -526.001 -627.933 -715.964 -790.464 -852.044 -901.499 -939.749 -967.791 -986.656 -997.375 -1000.95 -998.352 -990.466
57.1124 74.5526 94.1017 115.975 140.405 167.641 197.948 231.609 268.918 310.181 355.712 405.826 460.833 521.028 586.681 658.024 735.228 818.392 907.51 1002.45 1102.93 1208.48 1318.4 1431.75 1547.31 1663.58 1778.71 1890.57 1996.76 2094.58 2181.19 2253.64 2308.99 2344.46 2357.56 2346.27 2309.14 2245.46 2155.31 2039.63 1900.22 1739.68 1561.26 1368.76 1166.32 958.227 748.701 541.75 340.995 149.564 -29.9775 -195.664 -346.125 -480.551 -598.638 -700.521 -786.695 -857.932 -915.216 -959.665 -992.478 -1014.88 -1028.09 -1033.28 -1031.56 -1023.96
69.2667 88.4062 109.891 133.971 160.913 191.01 224.574 261.939 303.459 349.504 400.46 456.719 518.676 586.715 661.201 742.462 830.771 926.319 1029.19 1139.34 1256.53 1380.33 1510.03 1644.65 1782.87 1922.98 2062.92 2200.21 2332 2455.09 2566.02 2661.17 2736.88 2789.64 2816.25 2814.03 2781.01 2716.1 2619.21 2491.29 2334.41 2151.61 1946.8 1724.58 1489.97 1248.19 1004.37 763.395 529.629 306.84 98.0828 -94.3271 -268.806 -424.454 -560.983 -678.625 -778.034 -860.189 -926.298 -977.722 -1015.9 -1042.28 -1058.29 -1065.31 -1064.63 -1057.42
81.6265 102.518 126.005 152.371 181.925 215.005 251.975 293.227 339.181 390.28 446.991 509.794 579.182 655.645 739.66 831.673 932.076 1041.18 1159.19 1286.16 1421.95 1566.18 1718.17 1876.91 2040.97 2208.5 2377.15 2544.07 2705.93 2858.95 2998.95 3121.51 3222.11 3296.33 3340.1 3349.91 3323.13 3258.16 3154.64 3013.54 2837.18 2629.15 2394.14 2137.69 1865.9 1585.13 1301.61 1021.25 749.34 490.384 248.018 24.9565 -176.981 -356.807 -514.271 -649.737 -764.063 -858.478 -934.471 -993.685 -1037.84 -1068.65 -1087.81 -1096.9 -1097.41 -1090.69
94.1102 116.796 142.337 171.055 203.304 239.471 279.977 325.277 375.864 432.262 495.028 564.746 642.017 727.454 821.666 925.236 1038.7 1162.53 1297.06 1442.5 1598.81 1765.72 1942.6 2128.44 2321.75 2520.5 2722.07 2923.23 3120.11 3308.24 3482.66 3637.98 3768.66 3869.18 3934.39 3959.78 3941.84 3878.33 3768.52 3613.33 3415.38 3178.88 2909.44 2613.74 2299.2 1973.49 1644.23 1318.53 1002.76 702.314 421.5 163.486 -69.6552 -276.857 -457.932 -613.421 -744.441 -852.528 -939.503 -1007.35 -1058.11 -1093.83 -1116.46 -1127.85 -1129.71 -1123.58
106.628 131.135 158.768 189.888 224.896 264.232 308.377 357.858 413.246 475.153 544.239 621.199 706.76 801.675 906.7 1022.58 1150.04 1289.7 1442.1 1607.61 1786.36 1978.21 2182.64 2398.65 2624.73 2858.69 3097.66 3337.99 3575.23 3804.16 4018.89 4212.94 4379.54 4511.89 4603.49 4648.61 4642.63 4582.5 4466.98 4296.89 4075.15 3806.71 3498.24 3157.8 2794.34 2417.18 2035.51 1657.93 1292.07 944.348 619.849 322.25 53.8976 -184.074 -391.581 -569.394 -718.948 -842.153 -941.227 -1018.55 -1076.56 -1117.64 -1144.07 -1157.99 -1161.36 -1155.93
119.081 145.424 175.169 208.721 246.528 289.088 336.949 390.709 451.026 518.61 594.23 678.705 772.902 877.729 994.113 1122.99 1265.27 1421.8 1593.33 1780.44 1983.48 2202.48 2437.06 2686.32 2948.72 3221.99 3502.98 3787.63 4070.88 4346.68 4608.08 4847.38 5056.36 5226.67 5350.26 5419.86 5429.51 5375.11 5254.75 5069.09 4821.35 4517.3 4164.89 3773.79 3354.79 2919.14 2477.9 2041.4 1618.76 1217.59 843.851 501.784 194.026 -78.2447 -315.089 -517.573 -687.519 -827.286 -939.561 -1027.19 -1093.05 -1139.93 -1170.48 -1187.15 -1192.16 -1187.52
131.367 159.542 191.4 227.389 268.012 313.822 365.438 423.536 488.865 562.24 644.547 736.742 839.845 954.932 1083.12 1225.56 1383.38 1557.69 1749.47 1959.57 2188.6 2436.82 2704.04 2989.5 3291.71 3608.33 3935.98 4270.18 4605.23 4934.2 5248.97 5540.42 5798.71 6013.68 6175.4 6274.78 6304.24 6258.34 6134.35 5932.62 5656.72 5313.33 4911.87 4463.91 3982.39 3480.83 2972.49 2469.72 1983.33 1522.3 1093.58 702.027 350.582 40.4437 -228.65 -458.127 -650.283 -808.005 -934.528 -1033.24 -1107.51 -1160.59 -1195.53 -1215.14 -1221.94 -1218.18
143.374 173.361 207.312 245.722 289.145 338.198 393.569 456.019 526.39 605.609 694.686 794.723 906.904 1032.49 1172.81 1329.24 1503.17 1695.98 1908.94 2143.22 2399.71 2678.97 2981.07 3305.44 3650.71 4014.5 4393.27 4782.12 5174.71 5563.15 5938.06 6288.77 6603.57 6870.23 7076.64 7211.55 7265.41 7231.19 7105.09 6887.06 6580.97 6194.55 5738.91 5227.8 4676.68 4101.68 3518.62 2942.12 2384.96 1857.64 1368.2 922.174 522.816 171.315 -132.845 -391.532 -607.602 -784.559 -926.274 -1036.74 -1119.91 -1179.53 -1219.1 -1241.8 -1250.5 -1247.69
