Za.grd
DSAA
81	81
-200	200
-200	200
-1442.77	18331.7
[rows 29 to 57 of 81, columns 0 to 65 of 81]
154.99 186.748 222.749 263.536 309.715 361.966 421.051 487.814 563.198 648.242 744.091 851.996 973.316 1109.51 1262.14 1432.81 1623.22 1835.02 2069.85 2329.19 2614.3 2926.08 3264.92 3630.52 4021.67 4436.05 4869.98 5318.2 5773.7 6227.62 6669.25 7086.19 7464.67 7790.12 8047.93 8224.33 8307.48 8288.42 8162.06 7927.77 7589.75 7156.86 6642.12 6061.79 5434.19 4778.47 4113.3 3455.91 2821.24 2221.47 1665.81 1160.57 709.286 313.143 -28.6921 -318.603 -560.094 -757.389 -915.081 -1037.86 -1130.29 -1196.7 -1241.07 -1266.99 -1277.65 -1275.85
166.1 199.567 237.552 280.643 329.5 384.866 447.575 518.559 598.86 689.635 792.164 907.856 1038.25 1185.02 1349.94 1534.92 1741.92 1972.96 2230 2514.93 2829.41 3174.72 3551.65 3960.22 4399.47 4867.19 5359.64 5871.23 6394.33 6919.1 7433.41 7923.01 8371.9 8762.92 9078.63 9302.43 9419.79 9419.54 9294.99 9044.84 8673.53 8191.19 7612.98 6957.96 6247.69 5504.67 4750.79 4006.11 3287.91 2610.18 1983.4 1414.64 907.839 464.124 82.3303 -240.513 -508.656 -727.138 -901.374 -1036.82 -1138.75 -1212.1 -1261.35 -1290.54 -1303.21 -1302.45
176.586 211.682 251.561 296.854 348.276 406.631 472.826 547.88 632.934 729.262 838.281 961.561 1100.82 1257.95 1434.98 1634.08 1857.53 2107.7 2386.94 2697.55 3041.62 3420.9 3836.6 4289.14 4777.87 5300.79 5854.12 6432.06 7026.38 7626.24 8218.09 8785.77 9310.85 9773.39 10152.9 10429.5 10585.7 10607.8 10487.3 10222.1 9816.67 9282.67 8637.52 7903.44 7105.56 6270.03 5422.25 4585.28 3778.84 3018.77 2316.87 1681.05 1115.67 621.925 198.308 -158.787 -454.447 -694.644 -885.715 -1033.98 -1145.47 -1225.75 -1279.88 -1312.33 -1327.01 -1327.3
186.335 222.958 264.615 311.979 365.818 426.994 496.487 575.399 664.968 766.584 881.801 1012.34 1160.12 1327.23 1515.94 1728.72 1968.17 2237 2537.99 2873.86 3247.18 3660.16 4114.51 4611.1 5149.67 5728.44 6343.76 6989.6 7657.23 8334.87 9007.53 9657.08 10262.6 10801.2 11249.1 11582.9 11782 11829.7 11715.5 11436.2 10996.7 10409.8 9695.7 8879.87 7991.34 7060.23 6115.58 5183.53 4286.2 3441.13 2661.41 1955.88 1329.55 783.814 316.968 -75.2502 -398.869 -660.92 -868.79 -1029.75 -1150.64 -1237.73 -1296.62 -1332.24 -1348.88 -1350.2
195.237 233.265 276.559 325.835 381.907 445.696 518.247 600.743 694.516 801.067 922.079 1059.43 1215.21 1391.72 1591.48 1817.23 2071.89 2358.54 2680.35 3040.5 3442.03 3887.68 4379.64 4919.29 5506.79 6140.7 6817.49 7531.04 8272.17 9028.21 9782.8 10515.9 11204 11821.1 12340.1 12734.1 12978.8 13054.6 12948.7 12656.8 12183.9 11544.5 10761.2 9863.17 8883.65 7856.86 6815.58 5788.88 4800.93 3870.62 3012.09 2235.26 1546.15 946.892 435.814 8.04791 -343.503 -627.113 -851.369 -1024.59 -1154.51 -1248.1 -1311.52 -1350.15 -1368.65 -1370.96
203.188 242.478 287.247 338.246 396.333 462.484 537.806 623.553 721.147 832.191 958.491 1102.07 1265.18 1450.33 1660.26 1897.99 2166.74 2469.94 2811.16 3194.01 3622.02 4098.42 4625.95 5206.48 5840.64 6527.35 7263.28 8042.29 8854.81 9687.39 10522.4 11337.8 12107.8 12803.4 13393.9 13848.8 14140.3 14245.6 14149.6 13846.7 13342.3 12652.1 11801.6 10823.9 9756.45 8637.75 7504.28 6387.72 5313.51 4301 3364.78 2516 1762.6 1108.37 552.279 88.9333 -290.044 -594.443 -834.268 -1019.02 -1157.35 -1256.95 -1324.55 -1365.97 -1386.17 -1389.39
210.092 250.485 296.543 349.05 408.904 477.128 554.884 643.493 744.455 859.466 990.443 1139.54 1309.16 1501.99 1721 1969.44 2250.81 2568.88 2927.59 3330.96 3782.98 4287.36 4847.35 5465.33 6142.39 6877.84 7668.59 8508.52 9387.77 10292.2 11203.1 12096.6 12944.6 13715.3 14374.7 14888.6 15225.9 15360.6 15275.4 14963.5 14430.2 13692.9 12780 11728.4 10579.8 9377.45 8161.35 6965.21 5814.47 4727.09 3716.81 2796.2 1976.71 1265.68 663.783 165.166 -240.226 -564.14 -818.291 -1013.5 -1159.39 -1264.37 -1335.69 -1379.57 -1401.3 -1405.32
215.864 257.184 304.325 358.102 419.446 489.418 569.229 660.258 764.072 882.448 1017.4 1171.18 1346.36 1545.75 1772.52 2030.13 2322.35 2653.22 3027.01 3448.13 3920.96 4449.68 5037.98 5688.72 6403.43 7181.8 8021 8914.96 9853.63 10822.3 11801.2 12765.1 13683.7 14522.6 15244.8 15813.1 16192.7 16355.2 16280.8 15961.7 15403.3 14624.5 13656.5 12539.8 11321 10047.8 8763.94 7504.6 6293.37 5143.78 4066.08 3074.3 2186.24 1416 767.499 234.39 -195.786 -537.379 -804.177 -1008.46 -1160.85 -1270.42 -1344.91 -1390.88 -1413.89 -1418.6
220.433 262.489 310.491 365.278 427.808 499.173 580.625 673.587 779.681 900.75 1038.88 1196.44 1376.07 1580.74 1813.77 2078.78 2379.77 2721.01 3107.05 3542.6 4032.4 4581 5192.49 5870.13 6615.84 7429.65 8308.95 9247.77 10235.9 11258.3 12294.2 13317.3 14295.4 15192.1 15967.8 16582.4 16998.5 17185.1 17120.6 16796.2 16217.3 15404.3 14390.8 13221.2 11946.2 10618.5 9285.8 7984.5 6734.44 5540.65 4405.72 3344.79 2385.96 1554.56 859.641 293.927 -158.468 -515.232 -792.552 -1004.24 -1161.87 -1275.12 -1352.15 -1399.79 -1423.83 -1429.08
223.739 266.329 314.957 370.478 433.87 506.25 588.896 683.266 791.023 914.058 1054.52 1214.82 1397.72 1606.26 1843.88 2114.33 2421.77 2770.65 3165.73 3611.95 4114.3 4677.64 5306.35 6004.01 6772.83 7613.12 8522.46 9494.96 10520.3 11583.2 12662.2 13730.1 14753.6 15694.3 16510.8 17161 17605.2 17810.5 17754 17425.9 16832 15993.5 14946.3 13737.7 12422.6 11058.1 9696.2 8374.63 7108.53 5891.02 4712.77 3589.1 2562.03 1672.05 934.522 340.553 -130.024 -498.634 -783.908 -1001.09 -1162.56 -1278.5 -1357.37 -1406.23 -1431.01 -1436.66
225.74 268.654 317.662 373.628 437.543 510.539 593.911 689.138 797.907 922.138 1064.01 1226 1410.88 1621.79 1862.21 2135.99 2447.37 2800.93 3201.55 3654.32 4164.39 4736.79 5376.11 6086.11 6869.22 7725.88 8653.82 9647.21 10695.7 11783.8 12889.7 13985.6 15037.3 16005.7 16847.9 17520.4 17982.4 18199.6 18148.2 17818 17214.8 16360.7 15292.7 14060.5 12721.8 11337 9961.69 8635.15 7368.54 6143.64 4938.78 3768.6 2688.51 1753.53 984.494 370.647 -112.109 -488.339 -778.588 -999.144 -1162.96 -1280.53 -1360.52 -1410.12 -1435.35 -1441.24
226.409 269.432 318.568 374.683 438.774 511.976 595.592 691.106 800.214 924.847 1067.2 1229.75 1415.3 1627 1868.36 2143.27 2455.98 2811.11 3213.6 3668.57 4181.25 4756.71 5399.61 6113.79 6901.72 7763.92 8698.16 9698.63 10755 11851.6 12966.6 14072 15133.4 16111.2 16962.1 17642.3 18110.4 18331.7 18282 17951.2 17344.9 16485.4 15410.5 14170.4 12823.9 11432.8 10054 8727.53 7463.02 6237.48 5023.73 3835.96 2735.34 1783.06 1002.2 381.098 -105.977 -484.847 -776.792 -998.488 -1163.09 -1281.21 -1361.57 -1411.42 -1436.81 -1442.77
225.74 268.654 317.662 373.628 437.543 510.539 593.911 689.138 797.907 922.138 1064.01 1226 1410.88 1621.79 1862.21 2135.99 2447.37 2800.93 3201.55 3654.32 4164.39 4736.79 5376.11 6086.11 6869.22 7725.88 8653.82 9647.21 10695.7 11783.8 12889.7 13985.6 15037.3 16005.7 16847.9 17520.4 17982.4 18199.6 18148.2 17818 17214.8 16360.7 15292.7 14060.5 12721.8 11337 9961.69 8635.15 7368.54 6143.64 4938.78 3768.6 2688.51 1753.53 984.494 370.647 -112.109 -488.339 -778.588 -999.144 -1162.96 -1280.53 -1360.52 -1410.12 -1435.35 -1441.24
223.739 266.329 314.957 370.478 433.87 506.25 588.896 683.266 791.023 914.058 1054.52 1214.82 1397.72 1606.26 1843.88 2114.33 2421.77 2770.65 3165.73 3611.95 4114.3 4677.64 5306.35 6004.01 6772.83 7613.12 8522.46 9494.96 10520.3 11583.2 12662.2 13730.1 14753.6 15694.3 16510.8 17161 17605.2 17810.5 17754 17425.9 16832 15993.5 14946.3 13737.7 12422.6 11058.1 9696.2 8374.63 7108.53 5891.02 4712.77 3589.1 2562.03 1672.05 934.522 340.553 -130.024 -498.634 -783.908 -1001.09 -1162.56 -1278.5 -1357.37 -1406.23 -1431.01 -1436.66
220.433 262.489 310.491 365.278 427.808 499.173 580.625 673.587 779.681 900.75 1038.88 1196.44 1376.07 1580.74 1813.77 2078.78 2379.77 2721.01 3107.05 3542.6 4032.4 4581 5192.49 5870.13 6615.84 7429.65 8308.95 9247.77 10235.9 11258.3 12294.2 13317.3 14295.4 15192.1 15967.8 16582.4 16998.5 17185.1 17120.6 16796.2 16217.3 15404.3 14390.8 13221.2 11946.2 10618.5 9285.8 7984.5 6734.44 5540.65 4405.72 3344.79 2385.96 1554.56 859.641 293.927 -158.468 -515.232 -792.552 -1004.24 -1161.87 -1275.12 -1352.15 -1399.79 -1423.83 -1429.08
215.864 257.184 304.325 358.102 419.446 489.418 569.229 660.258 764.072 882.448 1017.4 1171.18 1346.36 1545.75 1772.52 2030.13 2322.35 2653.22 3027.01 3448.13 3920.96 4449.68 5037.98 5688.72 6403.43 7181.8 8021 8914.96 9853.63 10822.3 11801.2 12765.1 13683.7 14522.6 15244.8 15813.1 16192.7 16355.2 16280.8 15961.7 15403.3 14624.5 13656.5 12539.8 11321 10047.8 8763.94 7504.6 6293.37 5143.78 4066.08 3074.3 2186.24 1416 767.499 234.39 -195.786 -537.379 -804.177 -1008.46 -1160.85 -1270.42 -1344.91 -1390.88 -1413.89 -1418.6
210.092 250.485 296.543 349.05 408.904 477.128 554.884 643.493 744.455 859.466 990.443 1139.54 1309.16 1501.99 1721 1969.44 2250.81 2568.88 2927.59 3330.96 3782.98 4287.36 4847.35 5465.33 6142.39 6877.84 7668.59 8508.52 9387.77 10292.2 11203.1 12096.6 12944.6 13715.3 14374.7 14888.6 15225.9 15360.6 15275.4 14963.5 14430.2 13692.9 12780 11728.4 10579.8 9377.45 8161.35 6965.21 5814.47 4727.09 3716.81 2796.2 1976.71 1265.68 663.783 165.166 -240.226 -564.14 -818.291 -1013.5 -1159.39 -1264.37 -1335.69 -1379.57 -1401.3 -1405.32
203.188 242.478 287.247 338.246 396.333 462.484 537.806 623.553 721.147 832.191 958.491 1102.07 1265.18 1450.33 1660.26 1897.99 2166.74 2469.94 2811.16 3194.01 3622.02 4098.42 4625.95 5206.48 5840.64 6527.35 7263.28 8042.29 8854.81 9687.39 10522.4 11337.8 12107.8 12803.4 13393.9 13848.8 14140.3 14245.6 14149.6 13846.7 13342.3 12652.1 11801.6 10823.9 9756.45 8637.75 7504.28 6387.72 5313.51 4301 3364.78 2516 1762.6 1108.37 552.279 88.9333 -290.044 -594.443 -834.268 -1019.02 -1157.35 -1256.95 -1324.55 -1365.97 -1386.17 -1389.39
195.237 233.265 276.559 325.835 381.907 445.696 518.247 600.743 694.516 801.067 922.079 1059.43 1215.21 1391.72 1591.48 1817.23 2071.89 2358.54 2680.35 3040.5 3442.03 3887.68 4379.64 4919.29 5506.79 6140.7 6817.49 7531.04 8272.17 9028.21 9782.8 10515.9 11204 11821.1 12340.1 12734.1 12978.8 13054.6 12948.7 12656.8 12183.9 11544.5 10761.2 9863.17 8883.65 7856.86 6815.58 5788.88 4800.93 3870.62 3012.09 2235.26 1546.15 946.892 435.814 8.04791 -343.503 -627.113 -851.369 -1024.59 -1154.51 -1248.1 -1311.52 -1350.15 -1368.65 -1370.96
186.335 222.958 264.615 311.979 365.818 426.994 496.487 575.399 664.968 766.584 881.801 1012.34 1160.12 1327.23 1515.94 1728.72 1968.17 2237 2537.99 2873.86 3247.18 3660.16 4114.51 4611.1 5149.67 5728.44 6343.76 6989.6 7657.23 8334.87 9007.53 9657.08 10262.6 10801.2 11249.1 11582.9 11782 11829.7 11715.5 11436.2 10996.7 10409.8 9695.7 8879.87 7991.34 7060.23 6115.58 5183.53 4286.2 3441.13 2661.41 1955.88 1329.55 783.814 316.968 -75.2502 -398.869 -660.92 -868.79 -1029.75 -1150.64 -1237.73 -1296.62 -1332.24 -1348.88 -1350.2
176.586 211.682 251.561 296.854 348.276 406.631 472.826 547.88 632.934 729.262 838.281 961.561 1100.82 1257.95 1434.98 1634.08 1857.53 2107.7 2386.94 2697.55 3041.62 3420.9 3836.6 4289.14 4777.87 5300.79 5854.12 6432.06 7026.38 7626.24 8218.09 8785.77 9310.85 9773.39 10152.9 10429.5 10585.7 10607.8 10487.3 10222.1 9816.67 9282.67 8637.52 7903.44 7105.56 6270.03 5422.25 4585.28 3778.84 3018.77 2316.87 1681.05 1115.67 621.925 198.308 -158.787 -454.447 -694.644 -885.715 -1033.98 -1145.47 -1225.75 -1279.88 -1312.33 -1327.01 -1327.3
166.1 199.567 237.552 280.643 329.5 384.866 447.575 518.559 598.86 689.635 792.164 907.856 1038.25 1185.02 1349.94 1534.92 1741.92 1972.96 2230 2514.93 2829.41 3174.72 3551.65 3960.22 4399.47 4867.19 5359.64 5871.23 6394.33 6919.1 7433.41 7923.01 8371.9 8762.92 9078.63 9302.43 9419.79 9419.54 9294.99 9044.84 8673.53 8191.19 7612.98 6957.96 6247.69 5504.67 4750.79 4006.11 3287.91 2610.18 1983.4 1414.64 907.839 464.124 82.3303 -240.513 -508.656 -727.138 -901.374 -1036.82 -1138.75 -1212.1 -1261.35 -1290.54 -1303.21 -1302.45
154.99 186.748 222.749 263.536 309.715 361.966 421.051 487.814 563.198 648.242 744.091 851.996 973.316 1109.51 1262.14 1432.81 1623.22 1835.02 2069.85 2329.19 2614.3 2926.08 3264.92 3630.52 4021.67 4436.05 4869.98 5318.2 5773.7 6227.62 6669.25 7086.19 7464.67 7790.12 8047.93 8224.33 8307.48 8288.42 8162.06 7927.77 7589.75 7156.86 6642.12 6061.79 5434.19 4778.47 4113.3 3455.91 2821.24 2221.47 1665.81 1160.57 709.286 313.143 -28.6921 -318.603 -560.094 -757.389 -915.081 -1037.86 -1130.29 -1196.7 -1241.07 -1266.99 -1277.65 -1275.85
143.374 173.361 207.312 245.722 289.145 338.198 393.569 456.019 526.39 605.609 694.686 794.723 906.904 1032.49 1172.81 1329.24 1503.17 1695.98 1908.94 2143.22 2399.71 2678.97 2981.07 3305.44 3650.71 4014.5 4393.27 4782.12 5174.71 5563.15 5938.06 6288.77 6603.57 6870.23 7076.64 7211.55 7265.41 7231.19 7105.09 6887.06 6580.97 6194.55 5738.91 5227.8 4676.68 4101.68 3518.62 2942.12 2384.96 1857.64 1368.2 922.174 522.816 171.315 -132.845 -391.532 -607.602 -784.559 -926.274 -1036.74 -1119.91 -1179.53 -1219.1 -1241.8 -1250.5 -1247.69
131.367 159.542 191.4 227.389 268.012 313.822 365.438 423.536 488.865 562.24 644.547 736.742 839.845 954.932 1083.12 1225.56 1383.38 1557.69 1749.47 1959.57 2188.6 2436.82 2704.04 2989.5 3291.71 3608.33 3935.98 4270.18 4605.23 4934.2 5248.97 5540.42 5798.71 6013.68 6175.4 6274.78 6304.24 6258.34 6134.35 5932.62 5656.72 5313.33 4911.87 4463.91 3982.39 3480.83 2972.49 2469.72 1983.33 1522.3 1093.58 702.027 350.582 40.4437 -228.65 -458.127 -650.283 -808.005 -934.528 -1033.24 -1107.51 -1160.59 -1195.53 -1215.14 -1221.94 -1218.18
119.081 145.424 175.169 208.721 246.528 289.088 336.949 390.709 451.026 518.61 594.23 678.705 772.902 877.729 994.113 1122.99 1265.27 1421.8 1593.33 1780.44 1983.48 2202.48 2437.06 2686.32 2948.72 3221.99 3502.98 3787.63 4070.88 4346.68 4608.08 4847.38 5056.36 5226.67 5350.26 5419.86 5429.51 5375.11 5254.75 5069.09 4821.35 4517.3 4164.89 3773.79 3354.79 2919.14 2477.9 2041.4 1618.76 1217.59 843.851 501.784 194.026 -78.2447 -315.089 -517.573 -687.519 -827.286 -939.561 -1027.19 -1093.05 -1139.93 -1170.48 -1187.15 -1192.16 -1187.52
106.628 131.135 158.768 189.888 224.896 264.232 308.377 357.858 413.246 475.153 544.239 621.199 706.76 801.675 906.7 1022.58 1150.04 1289.7 1442.1 1607.61 1786.36 1978.21 2182.64 2398.65 2624.73 2858.69 3097.66 3337.99 3575.23 3804.16 4018.89 4212.94 4379.54 4511.89 4603.49 4648.61 4642.63 4582.5 4466.98 4296.89 4075.15 3806.71 3498.24 3157.8 2794.34 2417.18 2035.51 1657.93 1292.07 944.348 619.849 322.25 53.8976 -184.074 -391.581 -569.394 -718.948 -842.153 -941.227 -1018.55 -1076.56 -1117.64 -1144.07 -1157.99 -1161.36 -1155.93
94.1102 116.796 142.337 171.055 203.304 239.471 279.977 325.277 375.864 432.262 495.028 564.746 642.017 727.454 821.666 925.236 1038.7 1162.53 1297.06 1442.5 1598.81 1765.72 1942.6 2128.44 2321.75 2520.5 2722.07 2923.23 3120.11 3308.24 3482.66 3637.98 3768.66 3869.18 3934.39 3959.78 3941.84 3878.33 3768.52 3613.33 3415.38 3178.88 2909.44 2613.74 2299.2 1973.49 1644.23 1318.53 1002.76 702.314 421.5 163.486 -69.6552 -276.857 -457.932 -613.421 -744.441 -852.528 -939.503 -1007.35 -1058.11 -1093.83 -1116.46 -1127.85 -1129.71 -1123.58
81.6265 102.518 126.005 152.371 181.925 215.005 251.975 293.227 339.181 390.28 446.991 509.794 579.182 655.645 739.66 831.673 932.076 1041.18 1159.19 1286.16 1421.95 1566.18 1718.17 1876.91 2040.97 2208.5 2377.15 2544.07 2705.93 2858.95 2998.95 3121.51 3222.11 3296.33 3340.1 3349.91 3323.13 3258.16 3154.64 3013.54 2837.18 2629.15 2394.14 2137.69 1865.9 1585.13 1301.61 1021.25 749.34 490.384 248.018 24.9565 -176.981 -356.807 -514.271 -649.737 -764.063 -858.478 -934.471 -993.685 -1037.84 -1068.65 -1087.81 -1096.9 -1097.41 -1090.69
