Sphere/Za.grd
DSAA
81	81
-200	200
-200	200
-52.0574	677.173
[rows 0 to 27 of 81, columns 0 to 62 of 81]
-0.315456 -0.327074 -0.339136 -0.351652 -0.364632 -0.378086 -0.392023 -0.406448 -0.421368 -0.436785 -0.4527 -0.469112 -0.486017 -0.503407 -0.52127 -0.53959 -0.558347 -0.577516 -0.597066 -0.616959 -0.637153 -0.657596 -0.678233 -0.698997 -0.719817 -0.740612 -0.761296 -0.781773 -0.801942 -0.821694 -0.840917 -0.859492 -0.877299 -0.894215 -0.910118 -0.924886 -0.938404 -0.950561 -0.961252 -0.970386 -0.97788 -0.983667 -0.987694 -0.989922 -0.990332 -0.98892 -0.9857 -0.980704 -0.973978 -0.965584 -0.955597 -0.944107 -0.931211 -0.917016 -0.901635 -0.885186 -0.867789 -0.849566 -0.830636 -0.811118 -0.791127 -0.770771 -0.750155
-0.325789 -0.338054 -0.350804 -0.364052 -0.377812 -0.392094 -0.406911 -0.422271 -0.438182 -0.454651 -0.471681 -0.489272 -0.507423 -0.526127 -0.545376 -0.565154 -0.585443 -0.606218 -0.627447 -0.649092 -0.671109 -0.693444 -0.716036 -0.738816 -0.761705 -0.784614 -0.807448 -0.8301 -0.852457 -0.874396 -0.895788 -0.916499 -0.936391 -0.95532 -0.973146 -0.989728 -1.00493 -1.01862 -1.03067 -1.04099 -1.04946 -1.05602 -1.06059 -1.06313 -1.06362 -1.06206 -1.05845 -1.05284 -1.04528 -1.03585 -1.02463 -1.01173 -0.997262 -0.981353 -0.964136 -0.945747 -0.926327 -0.906014 -0.884949 -0.863266 -0.841096 -0.818562 -0.795783
-0.336401 -0.349344 -0.362818 -0.376838 -0.391419 -0.406578 -0.422327 -0.43868 -0.455646 -0.473237 -0.491457 -0.510311 -0.5298 -0.549921 -0.570666 -0.592023 -0.613974 -0.636496 -0.659558 -0.683122 -0.70714 -0.731558 -0.756312 -0.781325 -0.806513 -0.83178 -0.857019 -0.882111 -0.90693 -0.931338 -0.955187 -0.978324 -1.00059 -1.02182 -1.04185 -1.06051 -1.07764 -1.0931 -1.10674 -1.11842 -1.12803 -1.13548 -1.14068 -1.1436 -1.14419 -1.14245 -1.1384 -1.13208 -1.12357 -1.11294 -1.1003 -1.08578 -1.06951 -1.05164 -1.03233 -1.01173 -0.990001 -0.967316 -0.94383 -0.919699 -0.895071 -0.870088 -0.844882
-0.347288 -0.360943 -0.375176 -0.390007 -0.405455 -0.421538 -0.438274 -0.455679 -0.473768 -0.492553 -0.512045 -0.532251 -0.553176 -0.574819 -0.597178 -0.620243 -0.643998 -0.668421 -0.693483 -0.719146 -0.745362 -0.772074 -0.799215 -0.826704 -0.854449 -0.882346 -0.910277 -0.938111 -0.965705 -0.992903 -1.01954 -1.04544 -1.07041 -1.09427 -1.11683 -1.13788 -1.15725 -1.17475 -1.19022 -1.20349 -1.21442 -1.22291 -1.22886 -1.23221 -1.23292 -1.23099 -1.22644 -1.21931 -1.20969 -1.19769 -1.18342 -1.16703 -1.14869 -1.12857 -1.10684 -1.08371 -1.05936 -1.03397 -1.00773 -0.980831 -0.953427 -0.925685 -0.897753
-0.358445 -0.372843 -0.387873 -0.403556 -0.419916 -0.436974 -0.454753 -0.473273 -0.492552 -0.512608 -0.533456 -0.555108 -0.577571 -0.600852 -0.624951 -0.64986 -0.67557 -0.70206 -0.729302 -0.757261 -0.785889 -0.815128 -0.844906 -0.875139 -0.905729 -0.936562 -0.967508 -0.998424 -1.02915 -1.05951 -1.08931 -1.11835 -1.14642 -1.1733 -1.19876 -1.22259 -1.24454 -1.26441 -1.282 -1.29712 -1.30961 -1.31932 -1.32615 -1.33001 -1.33088 -1.32873 -1.32359 -1.31553 -1.30463 -1.29103 -1.27488 -1.25634 -1.2356 -1.21289 -1.1884 -1.16237 -1.135 -1.10653 -1.07717 -1.04712 -1.01658 -0.985721 -0.954724
-0.369864 -0.385039 -0.400902 -0.417479 -0.434797 -0.452882 -0.471762 -0.49146 -0.512001 -0.533408 -0.5557 -0.578894 -0.603005 -0.628044 -0.654014 -0.680915 -0.708741 -0.737475 -0.767094 -0.797563 -0.828836 -0.860854 -0.893545 -0.92682 -0.960574 -0.994686 -1.02901 -1.0634 -1.09765 -1.13159 -1.165 -1.19763 -1.22925 -1.2596 -1.28842 -1.31544 -1.3404 -1.36303 -1.3831 -1.40039 -1.41469 -1.42584 -1.43371 -1.43819 -1.43924 -1.43684 -1.43104 -1.42189 -1.40952 -1.39407 -1.37572 -1.35469 -1.33119 -1.30548 -1.27781 -1.24844 -1.21763 -1.18563 -1.1527 -1.11907 -1.08497 -1.0506 -1.01615
-0.381535 -0.397521 -0.414254 -0.431767 -0.45009 -0.469255 -0.489293 -0.510236 -0.532113 -0.554952 -0.578779 -0.603618 -0.629491 -0.656412 -0.684394 -0.713443 -0.743557 -0.774726 -0.80693 -0.84014 -0.874311 -0.909387 -0.945293 -0.981938 -1.01921 -1.05698 -1.0951 -1.13339 -1.17164 -1.20965 -1.24715 -1.28389 -1.31959 -1.35395 -1.38664 -1.41738 -1.44583 -1.47169 -1.49467 -1.5145 -1.53094 -1.54379 -1.55289 -1.55811 -1.55939 -1.55673 -1.55014 -1.53974 -1.52564 -1.50804 -1.48715 -1.46321 -1.43651 -1.40733 -1.37598 -1.34276 -1.30799 -1.27196 -1.23495 -1.19725 -1.15911 -1.12076 -1.08242
-0.393446 -0.410276 -0.427918 -0.446408 -0.465783 -0.486081 -0.507339 -0.529593 -0.55288 -0.577235 -0.602692 -0.629282 -0.657033 -0.685969 -0.716111 -0.74747 -0.780054 -0.81386 -0.848875 -0.885074 -0.922418 -0.960852 -1.0003 -1.04068 -1.08187 -1.12373 -1.1661 -1.20878 -1.25155 -1.29417 -1.33636 -1.37781 -1.4182 -1.45717 -1.49437 -1.52942 -1.56196 -1.5916 -1.618 -1.64084 -1.65982 -1.67469 -1.68525 -1.69136 -1.69294 -1.68997 -1.68249 -1.67062 -1.65451 -1.6344 -1.61053 -1.58321 -1.55278 -1.51957 -1.48396 -1.4463 -1.40696 -1.36629 -1.32462 -1.28227 -1.23953 -1.19668 -1.15394
-0.405584 -0.42329 -0.441878 -0.461388 -0.481863 -0.503347 -0.525884 -0.549517 -0.574291 -0.600248 -0.627431 -0.65588 -0.685632 -0.71672 -0.749173 -0.783015 -0.818261 -0.854918 -0.892982 -0.932435 -0.973247 -1.01537 -1.05873 -1.10323 -1.14877 -1.19519 -1.24232 -1.28995 -1.33784 -1.38571 -1.43324 -1.48009 -1.52589 -1.57021 -1.61265 -1.65275 -1.69006 -1.72416 -1.7546 -1.781 -1.80299 -1.82027 -1.83259 -1.83978 -1.84173 -1.83842 -1.82991 -1.81632 -1.79787 -1.7748 -1.74745 -1.71618 -1.68138 -1.64348 -1.60291 -1.56011 -1.5155 -1.46949 -1.42247 -1.37481 -1.32685 -1.27888 -1.23118
-0.417931 -0.436547 -0.456116 -0.476688 -0.49831 -0.521033 -0.544909 -0.56999 -0.596327 -0.623974 -0.652981 -0.683399 -0.715276 -0.748656 -0.78358 -0.820083 -0.858191 -0.897924 -0.939289 -0.982279 -1.02687 -1.07303 -1.12069 -1.16976 -1.22012 -1.27163 -1.3241 -1.3773 -1.43098 -1.48481 -1.53846 -1.59151 -1.64355 -1.69408 -1.74262 -1.78863 -1.83157 -1.87092 -1.90616 -1.93679 -1.96239 -1.98256 -1.99701 -2.00551 -2.00793 -2.00426 -1.99454 -1.97894 -1.95772 -1.93118 -1.89974 -1.86382 -1.82392 -1.78054 -1.7342 -1.68541 -1.6347 -1.58253 -1.52936 -1.47562 -1.4217 -1.36792 -1.31461
-0.430469 -0.450025 -0.470613 -0.492286 -0.515101 -0.539116 -0.564391 -0.590987 -0.618965 -0.648387 -0.679318 -0.711817 -0.745946 -0.781762 -0.819319 -0.858665 -0.899843 -0.942887 -0.987817 -1.03464 -1.08335 -1.13392 -1.1863 -1.2404 -1.29611 -1.35328 -1.41173 -1.4712 -1.53142 -1.59205 -1.65268 -1.71288 -1.77213 -1.82988 -1.88555 -1.9385 -1.98809 -2.03367 -2.07461 -2.11032 -2.14023 -2.1639 -2.18092 -2.19104 -2.19407 -2.18999 -2.17887 -2.16091 -2.13642 -2.10579 -2.06951 -2.02813 -1.98222 -1.93241 -1.87933 -1.82358 -1.76578 -1.70649 -1.64625 -1.58554 -1.5248 -1.46442 -1.40475
-0.443176 -0.463703 -0.485343 -0.508157 -0.53221 -0.557568 -0.5843 -0.612477 -0.642171 -0.673457 -0.706408 -0.741101 -0.777609 -0.816005 -0.856359 -0.898737 -0.943197 -0.989792 -1.03856 -1.08953 -1.14271 -1.19809 -1.25563 -1.31526 -1.37689 -1.44036 -1.50548 -1.572 -1.63962 -1.70797 -1.7766 -1.84501 -1.91262 -1.97878 -2.0428 -2.10393 -2.16139 -2.21439 -2.26216 -2.30395 -2.3391 -2.36699 -2.38717 -2.39927 -2.4031 -2.39858 -2.38583 -2.36509 -2.33673 -2.30125 -2.25924 -2.21139 -2.1584 -2.10103 -2.04003 -1.97615 -1.91011 -1.84257 -1.77416 -1.70545 -1.63692 -1.56904 -1.50216
-0.456028 -0.477553 -0.500278 -0.524271 -0.549605 -0.576355 -0.604601 -0.634424 -0.665908 -0.69914 -0.734209 -0.771206 -0.810219 -0.851339 -0.894655 -0.940252 -0.988209 -1.0386 -1.09149 -1.14692 -1.20493 -1.26554 -1.32871 -1.39442 -1.46256 -1.53301 -1.60558 -1.68 -1.75598 -1.83309 -1.91087 -1.98874 -2.06603 -2.142 -2.21583 -2.28662 -2.35343 -2.41531 -2.47128 -2.52044 -2.56192 -2.595 -2.61905 -2.63363 -2.63847 -2.63351 -2.61885 -2.59481 -2.56185 -2.52059 -2.47178 -2.41625 -2.35487 -2.28858 -2.21829 -2.14489 -2.06923 -1.99212 -1.91427 -1.83635 -1.75891 -1.68246 -1.60742
-0.468996 -0.491547 -0.515388 -0.540594 -0.567249 -0.595438 -0.625251 -0.656781 -0.690126 -0.725387 -0.762667 -0.802074 -0.843715 -0.887701 -0.934141 -0.983142 -1.03481 -1.08924 -1.14653 -1.20675 -1.26997 -1.33622 -1.40552 -1.47786 -1.55316 -1.63132 -1.71216 -1.79543 -1.88081 -1.96788 -2.0561 -2.14485 -2.23337 -2.3208 -2.40616 -2.4884 -2.56637 -2.63889 -2.70477 -2.76287 -2.81211 -2.85154 -2.88039 -2.89809 -2.90427 -2.89885 -2.88197 -2.85401 -2.81556 -2.76741 -2.71047 -2.64579 -2.57445 -2.49759 -2.41633 -2.33175 -2.24486 -2.15661 -2.06784 -1.97931 -1.89166 -1.80546 -1.72115
-0.482051 -0.505652 -0.530635 -0.557088 -0.585101 -0.614772 -0.646202 -0.679497 -0.714769 -0.752134 -0.791714 -0.833633 -0.87802 -0.925006 -0.974726 -1.02731 -1.0829 -1.14161 -1.20357 -1.2689 -1.33769 -1.41002 -1.48595 -1.56549 -1.64861 -1.73525 -1.82524 -1.91837 -2.01432 -2.11264 -2.21278 -2.31403 -2.41557 -2.51638 -2.61534 -2.71117 -2.80249 -2.88784 -2.96576 -3.03478 -3.09355 -3.14086 -3.1757 -3.19733 -3.20529 -3.19944 -3.17997 -3.14734 -3.10232 -3.04588 -2.97921 -2.90358 -2.82036 -2.73095 -2.63672 -2.53897 -2.43892 -2.33768 -2.23625 -2.13549 -2.03613 -1.9388 -1.84398
-0.49516 -0.519831 -0.545982 -0.573709 -0.603114 -0.634306 -0.667398 -0.70251 -0.73977 -0.779311 -0.821272 -0.865797 -0.913039 -0.963151 -1.0163 -1.07263 -1.13233 -1.19555 -1.26246 -1.3332 -1.40792 -1.48675 -1.56979 -1.6571 -1.74872 -1.84462 -1.94469 -2.04875 -2.1565 -2.2675 -2.38118 -2.49679 -2.61339 -2.72985 -2.84484 -2.95684 -3.06418 -3.16507 -3.25766 -3.34011 -3.41069 -3.46782 -3.5102 -3.53686 -3.54719 -3.54099 -3.51848 -3.48029 -3.42736 -3.36095 -3.28255 -3.19377 -3.09634 -2.99197 -2.88234 -2.76904 -2.65354 -2.53714 -2.42101 -2.30614 -2.19334 -2.08331 -1.97658
-0.508288 -0.534045 -0.561384 -0.59041 -0.621236 -0.653982 -0.688776 -0.725753 -0.765055 -0.806833 -0.851247 -0.898463 -0.948656 -1.00201 -1.05871 -1.11895 -1.18294 -1.25088 -1.32296 -1.3994 -1.48038 -1.5661 -1.65671 -1.75236 -1.85313 -1.95907 -2.07014 -2.18622 -2.30707 -2.43228 -2.56128 -2.69329 -2.8273 -2.96202 -3.09592 -3.2272 -3.35383 -3.4736 -3.58418 -3.68324 -3.76854 -3.83802 -3.88998 -3.92312 -3.93663 -3.93024 -3.90422 -3.85936 -3.79688 -3.71841 -3.62582 -3.5212 -3.40668 -3.28442 -3.15647 -3.02478 -2.89109 -2.75697 -2.62376 -2.49258 -2.36436 -2.23985 -2.1196
-0.521394 -0.548253 -0.576796 -0.607141 -0.639411 -0.67374 -0.710268 -0.749147 -0.790536 -0.834605 -0.881533 -0.931512 -0.98474 -1.04143 -1.1018 -1.16608 -1.2345 -1.30733 -1.3848 -1.46718 -1.55471 -1.64766 -1.74626 -1.85072 -1.96124 -2.07794 -2.20091 -2.33009 -2.46535 -2.60635 -2.75257 -2.90323 -3.05725 -3.21323 -3.36942 -3.52369 -3.6736 -3.8164 -3.94916 -4.0689 -4.17269 -4.25784 -4.32208 -4.36367 -4.38151 -4.37523 -4.34514 -4.29228 -4.21823 -4.12509 -4.01529 -3.89148 -3.75636 -3.61262 -3.46282 -3.30931 -3.15419 -2.99931 -2.84622 -2.69621 -2.55029 -2.40925 -2.27369
-0.534438 -0.562408 -0.592168 -0.623845 -0.657577 -0.693509 -0.731797 -0.772608 -0.816119 -0.86252 -0.912011 -0.964807 -1.02113 -1.08123 -1.14535 -1.21377 -1.28675 -1.3646 -1.44761 -1.53611 -1.63042 -1.73086 -1.83776 -1.95144 -2.07219 -2.20029 -2.33592 -2.47919 -2.6301 -2.78845 -2.95382 -3.12549 -3.30239 -3.48302 -3.66541 -3.8471 -4.02513 -4.19613 -4.35638 -4.50203 -4.62924 -4.73445 -4.81459 -4.86732 -4.89112 -4.88544 -4.85071 -4.78823 -4.70011 -4.58908 -4.45829 -4.31113 -4.15108 -3.9815 -3.80555 -3.6261 -3.44569 -3.26648 -3.09026 -2.91847 -2.75224 -2.59238 -2.43947
-0.547377 -0.576462 -0.607445 -0.640464 -0.675668 -0.713217 -0.753282 -0.796044 -0.8417 -0.89046 -0.942546 -0.998196 -1.05766 -1.12122 -1.18915 -1.26176 -1.33937 -1.42232 -1.51096 -1.60569 -1.70688 -1.81496 -1.93035 -2.05349 -2.1848 -2.3247 -2.47356 -2.6317 -2.79931 -2.9764 -3.16275 -3.35782 -3.5606 -3.7696 -3.98266 -4.19697 -4.40902 -4.61464 -4.80913 -4.98746 -5.14459 -5.27573 -5.37671 -5.44429 -5.47637 -5.47216 -5.43217 -5.35813 -5.25283 -5.11987 -4.96338 -4.78775 -4.59741 -4.39662 -4.18931 -3.97898 -3.76868 -3.56093 -3.35778 -3.16084 -2.97131 -2.79002 -2.61753
-0.560166 -0.590365 -0.622571 -0.656934 -0.693615 -0.732785 -0.774632 -0.819355 -0.867167 -0.918298 -0.972992 -1.03151 -1.09414 -1.16117 -1.23292 -1.30974 -1.39199 -1.48004 -1.57433 -1.67527 -1.78335 -1.89906 -2.02294 -2.15553 -2.29744 -2.44925 -2.61158 -2.78497 -2.96993 -3.16678 -3.37565 -3.59626 -3.82789 -4.06914 -4.31781 -4.57078 -4.82392 -5.07214 -5.30946 -5.52934 -5.72504 -5.89005 -6.01864 -6.10629 -6.15003 -6.14868 -6.10289 -6.01497 -5.88865 -5.72871 -5.54061 -5.33009 -5.10284 -4.86427 -4.61927 -4.37212 -4.12645 -3.88522 -3.65074 -3.42477 -3.20855 -3.00292 -2.80833
-0.572755 -0.604064 -0.637488 -0.67319 -0.711342 -0.75213 -0.795756 -0.842435 -0.892399 -0.945896 -1.00319 -1.06457 -1.13035 -1.20083 -1.27638 -1.35737 -1.4442 -1.53729 -1.6371 -1.74413 -1.85891 -1.98203 -2.11412 -2.25586 -2.40802 -2.57139 -2.74684 -2.93527 -3.13755 -3.35448 -3.58667 -3.8344 -4.09741 -4.37467 -4.66414 -4.96255 -5.26517 -5.56582 -5.85696 -6.13002 -6.37591 -6.5857 -6.75136 -6.86649 -6.92685 -6.93067 -6.87874 -6.77418 -6.62205 -6.42879 -6.20167 -5.94824 -5.67589 -5.39147 -5.1011 -4.81 -4.52248 -4.24196 -3.97105 -3.71162 -3.46492 -3.23168 -3.01223
-0.585097 -0.617504 -0.652135 -0.689163 -0.728773 -0.771166 -0.816556 -0.865174 -0.917271 -0.973111 -1.03298 -1.09719 -1.16606 -1.23994 -1.31921 -1.40427 -1.49554 -1.59348 -1.69859 -1.8114 -1.9325 -2.06254 -2.20222 -2.35237 -2.51387 -2.68777 -2.87521 -3.07748 -3.29596 -3.53206 -3.78715 -4.06232 -4.35817 -4.67445 -5.00969 -5.36075 -5.72251 -6.08763 -6.44663 -6.78824 -7.10011 -7.3698 -7.58593 -7.73928 -7.82364 -7.83635 -7.77839 -7.65401 -7.47015 -7.2356 -6.96013 -6.65377 -6.32613 -5.98597 -5.6409 -5.29731 -4.96029 -4.63376 -4.32056 -4.02264 -3.74117 -3.47673 -3.22943
-0.597142 -0.630629 -0.666448 -0.704783 -0.74583 -0.789803 -0.83693 -0.887458 -0.941651 -0.999793 -1.06219 -1.12916 -1.20105 -1.27822 -1.36108 -1.45003 -1.54552 -1.64803 -1.75805 -1.87614 -2.00291 -2.13903 -2.28527 -2.44249 -2.61172 -2.79419 -2.99132 -3.20482 -3.43667 -3.68909 -3.96447 -4.26514 -4.59312 -4.9496 -5.33434 -5.74503 -6.17656 -6.62056 -7.06526 -7.49584 -7.89536 -8.24628 -8.53217 -8.7395 -8.85904 -8.88671 -8.8237 -8.67593 -8.45304 -8.16717 -7.83161 -7.45976 -7.06421 -6.65617 -6.24516 -5.8389 -5.44339 -5.06302 -4.70086 -4.35879 -4.03783 -3.73827 -3.45987
-0.608838 -0.643383 -0.680365 -0.719979 -0.762432 -0.807951 -0.856776 -0.909169 -0.965407 -1.02579 -1.09063 -1.16027 -1.23506 -1.31539 -1.40164 -1.49424 -1.59364 -1.70028 -1.81466 -1.93732 -2.06881 -2.20979 -2.36097 -2.52323 -2.69762 -2.88545 -3.08836 -3.30846 -3.54834 -3.8112 -4.10075 -4.42115 -4.77656 -5.17063 -5.60557 -6.08105 -6.593 -7.13255 -7.68542 -8.23218 -8.74946 -9.21211 -9.59599 -9.88087 -10.0528 -10.1053 -10.0399 -9.86497 -9.59412 -9.24432 -8.83387 -8.38081 -7.90173 -7.411 -6.9205 -6.43953 -5.97503 -5.53188 -5.11319 -4.72071 -4.35508 -4.01616 -3.70322
-0.620135 -0.655708 -0.693821 -0.734678 -0.778499 -0.825519 -0.875992 -0.930191 -0.988405 -1.05094 -1.11813 -1.19032 -1.26786 -1.35114 -1.44055 -1.53648 -1.63935 -1.74958 -1.8676 -1.99384 -2.12877 -2.27291 -2.42682 -2.5912 -2.76698 -2.95535 -3.15799 -3.37722 -3.61617 -3.87905 -4.17122 -4.49921 -4.87044 -5.29249 -5.77194 -6.31261 -6.91346 -7.56651 -8.25529 -8.95458 -9.63187 -10.2506 -10.7746 -11.1729 -11.4239 -11.5176 -11.4555 -11.2499 -10.9203 -10.4908 -9.98682 -9.43293 -8.85104 -8.25963 -7.67343 -7.10358 -6.558 -6.04188 -5.55826 -5.10848 -4.6926 -4.30984 -3.95879
-0.630982 -0.667548 -0.706753 -0.748811 -0.793949 -0.842416 -0.894475 -0.950407 -1.01051 -1.07511 -1.14453 -1.21911 -1.29922 -1.38522 -1.47747 -1.57633 -1.68217 -1.79529 -1.91602 -2.04463 -2.18136 -2.32644 -2.48012 -2.64269 -2.81464 -2.99673 -3.19026 -3.39736 -3.62138 -3.8673 -4.14224 -4.45569 -4.81956 -5.24754 -5.75359 -6.34939 -7.04081 -7.82392 -8.68156 -9.58174 -10.4791 -11.3194 -12.0475 -12.6151 -12.9877 -13.1492 -13.1017 -12.863 -12.4618 -11.933 -11.3122 -10.6331 -9.92477 -9.21096 -8.50988 -7.8347 -7.19422 -6.59378 -6.036 -5.5215 -5.04949 -4.61824 -4.22544
-0.641329 -0.678847 -0.719099 -0.762306 -0.808706 -0.858555 -0.912125 -0.969706 -1.0316 -1.09814 -1.16964 -1.24645 -1.3289 -1.41734 -1.51208 -1.61342 -1.7216 -1.83682 -1.95916 -2.08865 -2.22516 -2.36845 -2.51816 -2.67385 -2.83509 -3.00165 -3.17376 -3.3526 -3.54086 -3.74361 -3.96929 -4.23062 -4.5453 -4.93591 -5.42833 -6.04836 -6.81593 -7.73788 -8.80061 -9.9654 -11.1688 -12.3297 -13.3613 -14.1862 -14.749 -15.0229 -15.0107 -14.7393 -14.252 -13.5996 -12.8329 -11.9985 -11.135 -10.2729 -9.43456 -8.6352 -7.88438 -7.18714 -6.54529 -5.95829 -5.42408 -4.93967 -4.50152
