Sphere/Za.grd
DSAA
81	81
-200	200
-200	200
-52.0574	677.173
[rows 28 to 55 of 81, columns 0 to 62 of 81]
-0.651128 -0.689551 -0.730797 -0.775096 -0.822692 -0.87385 -0.928848 -0.987981 -1.05156 -1.1199 -1.19332 -1.27216 -1.35671 -1.44729 -1.54412 -1.64742 -1.75726 -1.87364 -1.99636 -2.12502 -2.25896 -2.3972 -2.53842 -2.68094 -2.82278 -2.96181 -3.0961 -3.22443 -3.34728 -3.46812 -3.59522 -3.74379 -3.93809 -4.21273 -4.61201 -5.18585 -5.98117 -7.02905 -8.32983 -9.84129 -11.4755 -13.1084 -14.601 -15.8259 -16.691 -17.1518 -17.2123 -16.9147 -16.3254 -15.52 -14.5718 -13.5453 -12.4922 -11.4514 -10.4501 -9.5054 -8.6273 -7.81994 -7.08368 -6.41624 -5.81382 -5.2717 -4.78482
-0.660333 -0.699608 -0.74179 -0.787115 -0.835835 -0.88822 -0.944552 -1.00513 -1.07026 -1.14026 -1.21543 -1.29608 -1.38248 -1.47485 -1.57336 -1.67805 -1.78883 -1.90538 -2.02711 -2.15306 -2.2818 -2.41129 -2.53879 -2.66073 -2.77265 -2.86925 -2.9447 -2.99317 -3.01007 -2.99395 -2.94946 -2.89138 -2.84939 -2.87263 -3.03195 -3.41683 -4.12375 -5.23431 -6.78609 -8.74495 -10.9918 -13.334 -15.5425 -17.4021 -18.7559 -19.529 -19.7283 -19.4224 -18.7156 -17.7221 -16.5492 -15.2865 -14.0034 -12.7489 -11.5557 -10.4427 -9.41936 -8.48812 -7.64704 -6.89143 -6.21507 -5.61109 -5.07248
-0.668897 -0.708968 -0.752023 -0.798303 -0.848068 -0.901589 -0.959154 -1.02106 -1.08761 -1.15911 -1.23585 -1.31809 -1.40605 -1.49989 -1.59963 -1.70516 -1.8161 -1.9318 -2.05113 -2.17241 -2.29316 -2.40992 -2.51796 -2.61097 -2.68082 -2.71732 -2.70824 -2.63974 -2.49756 -2.26947 -1.94958 -1.54504 -1.08532 -0.633104 -0.293951 -0.218752 -0.591231 -1.59351 -3.35054 -5.86829 -8.99355 -12.4231 -15.7691 -18.6568 -20.8127 -22.1099 -22.5625 -22.2868 -21.45 -20.2284 -18.7795 -17.2292 -15.6695 -14.1625 -12.7462 -11.4407 -10.2538 -9.18511 -8.22933 -7.37842 -6.62309 -5.95372 -5.36097
-0.67678 -0.717584 -0.761442 -0.808602 -0.859325 -0.913888 -0.972578 -1.03569 -1.10352 -1.17636 -1.25447 -1.33808 -1.42733 -1.52229 -1.62284 -1.72864 -1.83903 -1.95289 -2.06845 -2.18311 -2.2931 -2.39307 -2.47568 -2.53091 -2.54547 -2.50203 -2.37866 -2.14864 -1.7811 -1.24352 -0.507077 0.443429 1.59366 2.87759 4.15229 5.17896 5.62722 5.12281 3.34884 0.179696 -4.21113 -9.34075 -14.5337 -19.1186 -22.6081 -24.7859 -25.6868 -25.514 -24.5434 -23.0498 -21.2664 -19.37 -17.4826 -15.6815 -14.01 -12.488 -11.12 -9.9014 -8.82224 -7.87012 -7.03187 -6.29458 -5.64611
-0.683942 -0.725413 -0.770002 -0.817959 -0.869551 -0.925054 -0.984756 -1.04895 -1.11792 -1.19193 -1.27122 -1.35597 -1.44626 -1.54202 -1.64298 -1.74855 -1.85771 -1.96883 -2.07938 -2.18567 -2.28232 -2.36172 -2.41317 -2.42192 -2.36778 -2.22363 -1.95371 -1.51196 -0.84126 0.125511 1.46027 3.22722 5.45878 8.11607 11.0344 13.8655 16.0479 16.855 15.5675 11.7537 5.54256 -2.29251 -10.5426 -17.9721 -23.6967 -27.3497 -29.0215 -29.0798 -27.9871 -26.1769 -23.9956 -21.6905 -19.4223 -17.2854 -15.3277 -13.5671 -12.0029 -10.6243 -9.41515 -8.35775 -7.43422 -6.62777 -5.92311
-0.690348 -0.732416 -0.777658 -0.826327 -0.878692 -0.935031 -0.995629 -1.06077 -1.13073 -1.20575 -1.28604 -1.37172 -1.46279 -1.55907 -1.66009 -1.765 -1.87239 -1.98004 -2.08458 -2.18106 -2.26229 -2.31794 -2.33337 -2.28793 -2.15284 -1.88826 -1.43982 -0.734453 0.323692 1.85588 4.00696 6.93353 10.7729 15.5813 21.2314 27.2756 32.823 36.5357 36.8859 32.7202 23.9222 11.7252 -1.65458 -13.8914 -23.3618 -29.4593 -32.4162 -32.9139 -31.7367 -29.57 -26.9268 -24.1509 -21.4512 -18.9407 -16.6707 -14.6541 -12.8828 -11.3376 -9.99509 -8.83091 -7.82182 -6.94666 -6.18666
-0.695966 -0.738558 -0.784371 -0.833664 -0.886704 -0.94377 -1.00514 -1.0711 -1.14191 -1.21779 -1.2989 -1.38532 -1.47695 -1.5735 -1.6743 -1.77823 -1.88346 -1.98714 -2.08502 -2.17077 -2.23521 -2.265 -2.24099 -2.13576 -1.91028 -1.50925 -0.854837 0.161358 1.68811 3.92484 7.12891 11.6121 17.7104 25.702 35.6389 47.0724 58.7189 68.2588 72.6263 69.071 56.7012 37.4442 15.4312 -4.90076 -20.5707 -30.6244 -35.6389 -36.8869 -35.6975 -33.1465 -29.9854 -26.6851 -23.5124 -20.6004 -18.0005 -15.7182 -13.7352 -12.0223 -10.5471 -9.27788 -8.18549 -7.24405 -6.4311
-0.700768 -0.743807 -0.790109 -0.839933 -0.893548 -0.951232 -1.01326 -1.07991 -1.15142 -1.228 -1.30977 -1.39675 -1.48877 -1.5854 -1.68579 -1.78855 -1.89141 -1.99093 -2.08192 -2.15668 -2.20393 -2.20718 -2.14247 -1.97501 -1.65438 -1.10765 -0.229517 1.13128 3.19033 6.25047 10.7268 17.1649 26.2301 38.6226 54.8421 74.7103 96.6376 116.906 129.734 129.081 112.045 81.5052 45.1847 11.5307 -14.0746 -30.2648 -38.3941 -40.8063 -39.7143 -36.7718 -33.0554 -29.1963 -25.528 -22.2026 -19.2691 -16.7225 -14.532 -12.6567 -11.0546 -9.68603 -8.51554 -7.51246 -6.65063
-0.704731 -0.748138 -0.794843 -0.845104 -0.899191 -0.95738 -1.01995 -1.08715 -1.15923 -1.23636 -1.31865 -1.40604 -1.49831 -1.59489 -1.69478 -1.7963 -1.89681 -1.99229 -2.07667 -2.14091 -2.17172 -2.14952 -2.04553 -1.81753 -1.40337 -0.711547 0.392865 2.10878 4.72865 8.67936 14.5749 23.2743 35.9201 53.8923 78.5412 110.477 148.209 186.369 214.877 221.543 198.976 151.127 92.1551 37.7213 -2.85123 -27.9137 -40.393 -44.4311 -43.569 -40.2552 -35.9789 -31.559 -27.4008 -23.6737 -20.4214 -17.6259 -15.2424 -13.2181 -11.5006 -10.0425 -8.80223 -7.74448 -6.83959
-0.707833 -0.751529 -0.798549 -0.849152 -0.903607 -0.96219 -1.02517 -1.09281 -1.16532 -1.24287 -1.32554 -1.41323 -1.50563 -1.6021 -1.70147 -1.80184 -1.90025 -1.99215 -2.0707 -2.1257 -2.14204 -2.09735 -1.95851 -1.67638 -1.17785 -0.353702 0.959885 3.00939 6.16629 10.9895 18.3137 29.3642 45.8776 70.1538 104.839 152.031 211.144 275.396 328.889 349.477 321.314 249.138 157.532 73.7922 12.9467 -23.5944 -41.4806 -47.5095 -46.9947 -43.36 -38.5641 -33.6259 -29.0213 -24.9335 -21.3989 -18.3857 -15.8356 -13.6837 -11.8684 -10.335 -9.03638 -7.93323 -6.99275
-0.71006 -0.753964 -0.801209 -0.852056 -0.906776 -0.965639 -1.02892 -1.09686 -1.16968 -1.24752 -1.33045 -1.41833 -1.5108 -1.60714 -1.70607 -1.80553 -1.90227 -1.99135 -2.06534 -2.11311 -2.11811 -2.05576 -1.88942 -1.56436 -0.998421 -0.0676001 1.4164 3.74118 7.34807 12.9159 21.4866 34.6433 54.7327 85.0616 129.821 193.146 276.238 371.728 457.41 498.148 465.564 364.365 233.146 114.693 30.7941 -18.2272 -41.7638 -49.8302 -49.7078 -45.8281 -40.6063 -35.2445 -30.2789 -25.903 -22.1455 -18.9623 -16.283 -14.0331 -12.1431 -10.5526 -9.20998 -8.07273 -7.10564
-0.711401 -0.755429 -0.80281 -0.853805 -0.908682 -0.967715 -1.03117 -1.09929 -1.17229 -1.25031 -1.33339 -1.42137 -1.51388 -1.61012 -1.70876 -1.80762 -1.90329 -1.99057 -2.06165 -2.10481 -2.10259 -2.02895 -1.84498 -1.49228 -0.882734 0.117511 1.71325 4.22013 8.12791 14.2001 23.6284 38.2615 60.9154 95.7053 148.138 224.232 327.167 449.815 565.04 625.714 590.71 463.942 297.473 148.8 45.5022 -13.6458 -41.6228 -51.2599 -51.4542 -47.4226 -41.9198 -36.2791 -31.0776 -26.5152 -22.6144 -19.3227 -16.5616 -14.2498 -12.3131 -10.6868 -9.3168 -8.15839 -7.17483
-0.711848 -0.755918 -0.803345 -0.854389 -0.909319 -0.968407 -1.03192 -1.1001 -1.17317 -1.25124 -1.33437 -1.42239 -1.5149 -1.61111 -1.70965 -1.8083 -1.90359 -1.99026 -2.06034 -2.10192 -2.09721 -2.01969 -1.82964 -1.4674 -0.84276 0.181594 1.81628 4.38693 8.40065 14.6517 24.3864 39.5522 63.1426 99.5851 154.91 235.919 346.677 480.323 607.867 677.173 641.5 504.248 323.262 162.305 51.2746 -11.828 -41.5081 -51.7407 -52.0574 -47.9745 -42.3735 -36.6352 -31.3517 -26.7246 -22.7744 -19.4453 -16.6562 -14.3233 -12.3706 -10.7321 -9.35286 -8.18727 -7.19814
-0.711401 -0.755429 -0.80281 -0.853805 -0.908682 -0.967715 -1.03117 -1.09929 -1.17229 -1.25031 -1.33339 -1.42137 -1.51388 -1.61012 -1.70876 -1.80762 -1.90329 -1.99057 -2.06165 -2.10481 -2.10259 -2.02895 -1.84498 -1.49228 -0.882734 0.117511 1.71325 4.22013 8.12791 14.2001 23.6284 38.2615 60.9154 95.7053 148.138 224.232 327.167 449.815 565.04 625.714 590.71 463.942 297.473 148.8 45.5022 -13.6458 -41.6228 -51.2599 -51.4542 -47.4226 -41.9198 -36.2791 -31.0776 -26.5152 -22.6144 -19.3227 -16.5616 -14.2498 -12.3131 -10.6868 -9.3168 -8.15839 -7.17483
-0.71006 -0.753964 -0.801209 -0.852056 -0.906776 -0.965639 -1.02892 -1.09686 -1.16968 -1.24752 -1.33045 -1.41833 -1.5108 -1.60714 -1.70607 -1.80553 -1.90227 -1.99135 -2.06534 -2.11311 -2.11811 -2.05576 -1.88942 -1.56436 -0.998421 -0.0676001 1.4164 3.74118 7.34807 12.9159 21.4866 34.6433 54.7327 85.0616 129.821 193.146 276.238 371.728 457.41 498.148 465.564 364.365 233.146 114.693 30.7941 -18.2272 -41.7638 -49.8302 -49.7078 -45.8281 -40.6063 -35.2445 -30.2789 -25.903 -22.1455 -18.9623 -16.283 -14.0331 -12.1431 -10.5526 -9.20998 -8.07273 -7.10564
-0.707833 -0.751529 -0.798549 -0.849152 -0.903607 -0.96219 -1.02517 -1.09281 -1.16532 -1.24287 -1.32554 -1.41323 -1.50563 -1.6021 -1.70147 -1.80184 -1.90025 -1.99215 -2.0707 -2.1257 -2.14204 -2.09735 -1.95851 -1.67638 -1.17785 -0.353702 0.959885 3.00939 6.16629 10.9895 18.3137 29.3642 45.8776 70.1538 104.839 152.031 211.144 275.396 328.889 349.477 321.314 249.138 157.532 73.7922 12.9467 -23.5944 -41.4806 -47.5095 -46.9947 -43.36 -38.5641 -33.6259 -29.0213 -24.9335 -21.3989 -18.3857 -15.8356 -13.6837 -11.8684 -10.335 -9.03638 -7.93323 -6.99275
-0.704731 -0.748138 -0.794843 -0.845104 -0.899191 -0.95738 -1.01995 -1.08715 -1.15923 -1.23636 -1.31865 -1.40604 -1.49831 -1.59489 -1.69478 -1.7963 -1.89681 -1.99229 -2.07667 -2.14091 -2.17172 -2.14952 -2.04553 -1.81753 -1.40337 -0.711547 0.392865 2.10878 4.72865 8.67936 14.5749 23.2743 35.9201 53.8923 78.5412 110.477 148.209 186.369 214.877 221.543 198.976 151.127 92.1551 37.7213 -2.85123 -27.9137 -40.393 -44.4311 -43.569 -40.2552 -35.9789 -31.559 -27.4008 -23.6737 -20.4214 -17.6259 -15.2424 -13.2181 -11.5006 -10.0425 -8.80223 -7.74448 -6.83959
-0.700768 -0.743807 -0.790109 -0.839933 -0.893548 -0.951232 -1.01326 -1.07991 -1.15142 -1.228 -1.30977 -1.39675 -1.48877 -1.5854 -1.68579 -1.78855 -1.89141 -1.99093 -2.08192 -2.15668 -2.20393 -2.20718 -2.14247 -1.97501 -1.65438 -1.10765 -0.229517 1.13128 3.19033 6.25047 10.7268 17.1649 26.2301 38.6226 54.8421 74.7103 96.6376 116.906 129.734 129.081 112.045 81.5052 45.1847 11.5307 -14.0746 -30.2648 -38.3941 -40.8063 -39.7143 -36.7718 -33.0554 -29.1963 -25.528 -22.2026 -19.2691 -16.7225 -14.532 -12.6567 -11.0546 -9.68603 -8.51554 -7.51246 -6.65063
-0.695966 -0.738558 -0.784371 -0.833664 -0.886704 -0.94377 -1.00514 -1.0711 -1.14191 -1.21779 -1.2989 -1.38532 -1.47695 -1.5735 -1.6743 -1.77823 -1.88346 -1.98714 -2.08502 -2.17077 -2.23521 -2.265 -2.24099 -2.13576 -1.91028 -1.50925 -0.854837 0.161358 1.68811 3.92484 7.12891 11.6121 17.7104 25.702 35.6389 47.0724 58.7189 68.2588 72.6263 69.071 56.7012 37.4442 15.4312 -4.90076 -20.5707 -30.6244 -35.6389 -36.8869 -35.6975 -33.1465 -29.9854 -26.6851 -23.5124 -20.6004 -18.0005 -15.7182 -13.7352 -12.0223 -10.5471 -9.27788 -8.18549 -7.24405 -6.4311
-0.690348 -0.732416 -0.777658 -0.826327 -0.878692 -0.935031 -0.995629 -1.06077 -1.13073 -1.20575 -1.28604 -1.37172 -1.46279 -1.55907 -1.66009 -1.765 -1.87239 -1.98004 -2.08458 -2.18106 -2.26229 -2.31794 -2.33337 -2.28793 -2.15284 -1.88826 -1.43982 -0.734453 0.323692 1.85588 4.00696 6.93353 10.7729 15.5813 21.2314 27.2756 32.823 36.5357 36.8859 32.7202 23.9222 11.7252 -1.65458 -13.8914 -23.3618 -29.4593 -32.4162 -32.9139 -31.7367 -29.57 -26.9268 -24.1509 -21.4512 -18.9407 -16.6707 -14.6541 -12.8828 -11.3376 -9.99509 -8.83091 -7.82182 -6.94666 -6.18666
-0.683942 -0.725413 -0.770002 -0.817959 -0.869551 -0.925054 -0.984756 -1.04895 -1.11792 -1.19193 -1.27122 -1.35597 -1.44626 -1.54202 -1.64298 -1.74855 -1.85771 -1.96883 -2.07938 -2.18567 -2.28232 -2.36172 -2.41317 -2.42192 -2.36778 -2.22363 -1.95371 -1.51196 -0.84126 0.125511 1.46027 3.22722 5.45878 8.11607 11.0344 13.8655 16.0479 16.855 15.5675 11.7537 5.54256 -2.29251 -10.5426 -17.9721 -23.6967 -27.3497 -29.0215 -29.0798 -27.9871 -26.1769 -23.9956 -21.6905 -19.4223 -17.2854 -15.3277 -13.5671 -12.0029 -10.6243 -9.41515 -8.35775 -7.43422 -6.62777 -5.92311
-0.67678 -0.717584 -0.761442 -0.808602 -0.859325 -0.913888 -0.972578 -1.03569 -1.10352 -1.17636 -1.25447 -1.33808 -1.42733 -1.52229 -1.62284 -1.72864 -1.83903 -1.95289 -2.06845 -2.18311 -2.2931 -2.39307 -2.47568 -2.53091 -2.54547 -2.50203 -2.37866 -2.14864 -1.7811 -1.24352 -0.507077 0.443429 1.59366 2.87759 4.15229 5.17896 5.62722 5.12281 3.34884 0.179696 -4.21113 -9.34075 -14.5337 -19.1186 -22.6081 -24.7859 -25.6868 -25.514 -24.5434 -23.0498 -21.2664 -19.37 -17.4826 -15.6815 -14.01 -12.488 -11.12 -9.9014 -8.82224 -7.87012 -7.03187 -6.29458 -5.64611
-0.668897 -0.708968 -0.752023 -0.798303 -0.848068 -0.901589 -0.959154 -1.02106 -1.08761 -1.15911 -1.23585 -1.31809 -1.40605 -1.49989 -1.59963 -1.70516 -1.8161 -1.9318 -2.05113 -2.17241 -2.29316 -2.40992 -2.51796 -2.61097 -2.68082 -2.71732 -2.70824 -2.63974 -2.49756 -2.26947 -1.94958 -1.54504 -1.08532 -0.633104 -0.293951 -0.218752 -0.591231 -1.59351 -3.35054 -5.86829 -8.99355 -12.4231 -15.7691 -18.6568 -20.8127 -22.1099 -22.5625 -22.2868 -21.45 -20.2284 -18.7795 -17.2292 -15.6695 -14.1625 -12.7462 -11.4407 -10.2538 -9.18511 -8.22933 -7.37842 -6.62309 -5.95372 -5.36097
-0.660333 -0.699608 -0.74179 -0.787115 -0.835835 -0.88822 -0.944552 -1.00513 -1.07026 -1.14026 -1.21543 -1.29608 -1.38248 -1.47485 -1.57336 -1.67805 -1.78883 -1.90538 -2.02711 -2.15306 -2.2818 -2.41129 -2.53879 -2.66073 -2.77265 -2.86925 -2.9447 -2.99317 -3.01007 -2.99395 -2.94946 -2.89138 -2.84939 -2.87263 -3.03195 -3.41683 -4.12375 -5.23431 -6.78609 -8.74495 -10.9918 -13.334 -15.5425 -17.4021 -18.7559 -19.529 -19.7283 -19.4224 -18.7156 -17.7221 -16.5492 -15.2865 -14.0034 -12.7489 -11.5557 -10.4427 -9.41936 -8.48812 -7.64704 -6.89143 -6.21507 -5.61109 -5.07248
-0.651128 -0.689551 -0.730797 -0.775096 -0.822692 -0.87385 -0.928848 -0.987981 -1.05156 -1.1199 -1.19332 -1.27216 -1.35671 -1.44729 -1.54412 -1.64742 -1.75726 -1.87364 -1.99636 -2.12502 -2.25896 -2.3972 -2.53842 -2.68094 -2.82278 -2.96181 -3.0961 -3.22443 -3.34728 -3.46812 -3.59522 -3.74379 -3.93809 -4.21273 -4.61201 -5.18585 -5.98117 -7.02905 -8.32983 -9.84129 -11.4755 -13.1084 -14.601 -15.8259 -16.691 -17.1518 -17.2123 -16.9147 -16.3254 -15.52 -14.5718 -13.5453 -12.4922 -11.4514 -10.4501 -9.5054 -8.6273 -7.81994 -7.08368 -6.41624 -5.81382 -5.2717 -4.78482
-0.641329 -0.678847 -0.719099 -0.762306 -0.808706 -0.858555 -0.912125 -0.969706 -1.0316 -1.09814 -1.16964 -1.24645 -1.3289 -1.41734 -1.51208 -1.61342 -1.7216 -1.83682 -1.95916 -2.08865 -2.22516 -2.36845 -2.51816 -2.67385 -2.83509 -3.00165 -3.17376 -3.3526 -3.54086 -3.74361 -3.96929 -4.23062 -4.5453 -4.93591 -5.42833 -6.04836 -6.81593 -7.73788 -8.80061 -9.9654 -11.1688 -12.3297 -13.3613 -14.1862 -14.749 -15.0229 -15.0107 -14.7393 -14.252 -13.5996 -12.8329 -11.9985 -11.135 -10.2729 -9.43456 -8.6352 -7.88438 -7.18714 -6.54529 -5.95829 -5.42408 -4.93967 -4.50152
-0.630982 -0.667548 -0.706753 -0.748811 -0.793949 -0.842416 -0.894475 -0.950407 -1.01051 -1.07511 -1.14453 -1.21911 -1.29922 -1.38522 -1.47747 -1.57633 -1.68217 -1.79529 -1.91602 -2.04463 -2.18136 -2.32644 -2.48012 -2.64269 -2.81464 -2.99673 -3.19026 -3.39736 -3.62138 -3.8673 -4.14224 -4.45569 -4.81956 -5.24754 -5.75359 -6.34939 -7.04081 -7.82392 -8.68156 -9.58174 -10.4791 -11.3194 -12.0475 -12.6151 -12.9877 -13.1492 -13.1017 -12.863 -12.4618 -11.933 -11.3122 -10.6331 -9.92477 -9.21096 -8.50988 -7.8347 -7.19422 -6.59378 -6.036 -5.5215 -5.04949 -4.61824 -4.22544
-0.620135 -0.655708 -0.693821 -0.734678 -0.778499 -0.825519 -0.875992 -0.930191 -0.988405 -1.05094 -1.11813 -1.19032 -1.26786 -1.35114 -1.44055 -1.53648 -1.63935 -1.74958 -1.8676 -1.99384 -2.12877 -2.27291 -2.42682 -2.5912 -2.76698 -2.95535 -3.15799 -3.37722 -3.61617 -3.87905 -4.17122 -4.49921 -4.87044 -5.29249 -5.77194 -6.31261 -6.91346 -7.56651 -8.25529 -8.95458 -9.63187 -10.2506 -10.7746 -11.1729 -11.4239 -11.5176 -11.4555 -11.2499 -10.9203 -10.4908 -9.98682 -9.43293 -8.85104 -8.25963 -7.67343 -7.10358 -6.558 -6.04188 -5.55826 -5.10848 -4.6926 -4.30984 -3.95879
