Cylinder/Za.grd
DSAA
81	81
-200	200
-200	200
-5897.12	21218.9
[rows 0 to 28 of 81, columns 0 to 63 of 81]
-228.12 -236.29 -244.889 -253.947 -263.494 -273.563 -284.191 -295.417 -307.282 -319.831 -333.111 -347.175 -362.076 -377.872 -394.625 -412.398 -431.258 -451.271 -472.505 -495.024 -518.889 -544.148 -570.835 -598.957 -628.482 -659.321 -691.302 -724.13 -757.335 -790.195 -821.62 -849.993 -872.934 -886.945 -886.898 -865.27 -811 -707.795 -531.623 -247.058 197.854 878.303 1900.1 3403.92 5555.56 8497.99 12225 16348.7 19856.4 21218.9 19245 14206.5 7856.41 2126.49 -1976.18 -4401.77 -5555.56 -5897.12 -5779.9 -5433.33 -4992.46 -4531.21 -4087.18 -3677.46
-228.12 -236.29 -244.889 -253.947 -263.494 -273.563 -284.191 -295.417 -307.282 -319.831 -333.111 -347.175 -362.076 -377.872 -394.625 -412.398 -431.258 -451.271 -472.505 -495.024 -518.889 -544.148 -570.835 -598.957 -628.482 -659.321 -691.302 -724.13 -757.335 -790.195 -821.62 -849.993 -872.934 -886.945 -886.898 -865.27 -811 -707.795 -531.623 -247.058 197.854 878.303 1900.1 3403.92 5555.56 8497.99 12225 16348.7 19856.4 21218.9 19245 14206.5 7856.41 2126.49 -1976.18 -4401.77 -5555.56 -5897.12 -5779.9 -5433.33 -4992.46 -4531.21 -4087.18 -3677.46
-228.12 -236.29 -244.889 -253.947 -263.494 -273.563 -284.191 -295.417 -307.282 -319.831 -333.111 -347.175 -362.076 -377.872 -394.625 -412.398 -431.258 -451.271 -472.505 -495.024 -518.889 -544.148 -570.835 -598.957 -628.482 -659.321 -691.302 -724.13 -757.335 -790.195 -821.62 -849.993 -872.934 -886.945 -886.898 -865.27 -811 -707.795 -531.623 -247.058 197.854 878.303 1900.1 3403.92 5555.56 8497.99 12225 16348.7 19856.4 21218.9 19245 14206.5 7856.41 2126.49 -1976.18 -4401.77 -5555.56 -5897.12 -5779.9 -5433.33 -4992.46 -4531.21 -4087.18 -3677.46
-228.12 -236.29 -244.889 -253.947 -263.494 -273.563 -284.191 -295.417 -307.282 -319.831 -333.111 -347.175 -362.076 -377.872 -394.625 -412.398 -431.258 -451.271 -472.505 -495.024 -518.889 -544.148 -570.835 -598.957 -628.482 -659.321 -691.302 -724.13 -757.335 -790.195 -821.62 -849.993 -872.934 -886.945 -886.898 -865.27 -811 -707.795 -531.623 -247.058 197.854 878.303 1900.1 3403.92 5555.56 8497.99 12225 16348.7 19856.4 21218.9 19245 14206.5 7856.41 2126.49 -1976.18 -4401.77 -5555.56 -5897.12 -5779.9 -5433.33 -4992.46 -4531.21 -4087.18 -3677.46
-228.12 -236.29 -244.889 -253.947 -263.494 -273.563 -284.191 -295.417 -307.282 -319.831 -333.111 -347.175 -362.076 -377.872 -394.625 -412.398 -431.258 -451.271 -472.505 -495.024 -518.889 -544.148 -570.835 -598.957 -628.482 -659.321 -691.302 -724.13 -757.335 -790.195 -821.62 -849.993 -872.934 -886.945 -886.898 -865.27 -811 -707.795 -531.623 -247.058 197.854 878.303 1900.1 3403.92 5555.56 8497.99 12225 16348.7 19856.4 21218.9 19245 14206.5 7856.41 2126.49 -1976.18 -4401.77 -5555.56 -5897.12 -5779.9 -5433.33 -4992.46 -4531.21 -4087.18 -3677.46
-228.12 -236.29 -244.889 -253.947 -263.494 -273.563 -284.191 -295.417 -307.282 -319.831 -333.111 -347.175 -362.076 -377.872 -394.625 -412.398 -431.258 -451.271 -472.505 -495.024 -518.889 -544.148 -570.835 -598.957 -628.482 -659.321 -691.302 -724.13 -757.335 -790.195 -821.62 -849.993 -872.934 -886.945 -886.898 -865.27 -811 -707.795 -531.623 -247.058 197.854 878.303 1900.1 3403.92 5555.56 8497.99 12225 16348.7 19856.4 21218.9 19245 14206.5 7856.41 2126.49 -1976.18 -4401.77 -5555.56 -5897.12 -5779.9 -5433.33 -4992.46 -4531.21 -4087.18 -3677.46
-228.12 -236.29 -244.889 -253.947 -263.494 -273.563 -284.191 -295.417 -307.282 -319.831 -333.111 -347.175 -362.076 -377.872 -394.625 -412.398 -431.258 -451.271 -472.505 -495.024 -518.889 -544.148 -570.835 -598.957 -628.482 -659.321 -691.302 -724.13 -757.335 -790.195 -821.62 -849.993 -872.934 -886.945 -886.898 -865.27 -811 -707.795 -531.623 -247.058 197.854 878.303 1900.1 3403.92 5555.56 8497.99 12225 16348.7 19856.4 21218.9 19245 14206.5 7856.41 2126.49 -1976.18 -4401.77 -5555.56 -5897.12 -5779.9 -5433.33 -4992.46 -4531.21 -4087.18 -3677.46
-228.12 -236.29 -244.889 -253.947 -263.494 -273.563 -284.191 -295.417 -307.282 -319.831 -333.111 -347.175 -362.076 -377.872 -394.625 -412.398 -431.258 -451.271 -472.505 -495.024 -518.889 -544.148 -570.835 -598.957 -628.482 -659.321 -691.302 -724.13 -757.335 -790.195 -821.62 -849.993 -872.934 -886.945 -886.898 -865.27 -811 -707.795 -531.623 -247.058 197.854 878.303 1900.1 3403.92 5555.56 8497.99 12225 16348.7 19856.4 21218.9 19245 14206.5 7856.41 2126.49 -1976.18 -4401.77 -5555.56 -5897.12 -5779.9 -5433.33 -4992.46 -4531.21 -4087.18 -3677.46
-228.12 -236.29 -244.889 -253.947 -263.494 -273.563 -284.191 -295.417 -307.282 -319.831 -333.111 -347.175 -362.076 -377.872 -394.625 -412.398 -431.258 -451.271 -472.505 -495.024 -518.889 -544.148 -570.835 -598.957 -628.482 -659.321 -691.302 -724.13 -757.335 -790.195 -821.62 -849.993 -872.934 -886.945 -886.898 -865.27 -811 -707.795 -531.623 -247.058 197.854 878.303 1900.1 3403.92 5555.56 8497.99 12225 16348.7 19856.4 21218.9 19245 14206.5 7856.41 2126.49 -1976.18 -4401.77 -5555.56 -5897.12 -5779.9 -5433.33 -4992.46 -4531.21 -4087.18 -3677.46
-228.12 -236.29 -244.889 -253.947 -263.494 -273.563 -284.191 -295.417 -307.282 -319.831 -333.111 -347.175 -362.076 -377.872 -394.625 -412.398 -431.258 -451.271 -472.505 -495.024 -518.889 -544.148 -570.835 -598.957 -628.482 -659.321 -691.302 -724.13 -757.335 -790.195 -821.62 -849.993 -872.934 -886.945 -886.898 -865.27 -811 -707.795 -531.623 -247.058 197.854 878.303 1900.1 3403.92 5555.56 8497.99 12225 16348.7 19856.4 21218.9 19245 14206.5 7856.41 2126.49 -1976.18 -4401.77 -5555.56 -5897.12 -5779.9 -5433.33 -4992.46 -4531.21 -4087.18 -3677.46
-228.12 -236.29 -244.889 -253.947 -263.494 -273.563 -284.191 -295.417 -307.282 -319.831 -333.111 -347.175 -362.076 -377.872 -394.625 -412.398 -431.258 -451.271 -472.505 -495.024 -518.889 -544.148 -570.835 -598.957 -628.482 -659.321 -691.302 -724.13 -757.335 -790.195 -821.62 -849.993 -872.934 -886.945 -886.898 -865.27 -811 -707.795 -531.623 -247.058 197.854 878.303 1900.1 3403.92 5555.56 8497.99 12225 16348.7 19856.4 21218.9 19245 14206.5 7856.41 2126.49 -1976.18 -4401.77 -5555.56 -5897.12 -5779.9 -5433.33 -4992.46 -4531.21 -4087.18 -3677.46
-228.12 -236.29 -244.889 -253.947 -263.494 -273.563 -284.191 -295.417 -307.282 -319.831 -333.111 -347.175 -362.076 -377.872 -394.625 -412.398 -431.258 -451.271 -472.505 -495.024 -518.889 -544.148 -570.835 -598.957 -628.482 -659.321 -691.302 -724.13 -757.335 -790.195 -821.62 -849.993 -872.934 -886.945 -886.898 -865.27 -811 -707.795 -531.623 -247.058 197.854 878.303 1900.1 3403.92 5555.56 8497.99 12225 16348.7 19856.4 21218.9 19245 14206.5 7856.41 2126.49 -1976.18 -4401.77 -5555.56 -5897.12 -5779.9 -5433.33 -4992.46 -4531.21 -4087.18 -3677.46
-228.12 -236.29 -244.889 -253.947 -263.494 -273.563 -284.191 -295.417 -307.282 -319.831 -333.111 -347.175 -362.076 -377.872 -394.625 -412.398 -431.258 -451.271 -472.505 -495.024 -518.889 -544.148 -570.835 -598.957 -628.482 -659.321 -691.302 -724.13 -757.335 -790.195 -821.62 -849.993 -872.934 -886.945 -886.898 -865.27 -811 -707.795 -531.623 -247.058 197.854 878.303 1900.1 3403.92 5555.56 8497.99 12225 16348.7 19856.4 21218.9 19245 14206.5 7856.41 2126.49 -1976.18 -4401.77 -5555.56 -5897.12 -5779.9 -5433.33 -4992.46 -4531.21 -4087.18 -3677.46
-228.12 -236.29 -244.889 -253.947 -263.494 -273.563 -284.191 -295.417 -307.282 -319.831 -333.111 -347.175 -362.076 -377.872 -394.625 -412.398 -431.258 -451.271 -472.505 -495.024 -518.889 -544.148 -570.835 -598.957 -628.482 -659.321 -691.302 -724.13 -757.335 -790.195 -821.62 -849.993 -872.934 -886.945 -886.898 -865.27 -811 -707.795 -531.623 -247.058 197.854 878.303 1900.1 3403.92 5555.56 8497.99 12225 16348.7 19856.4 21218.9 19245 14206.5 7856.41 2126.49 -1976.18 -4401.77 -5555.56 -5897.12 -5779.9 -5433.33 -4992.46 -4531.21 -4087.18 -3677.46
-228.12 -236.29 -244.889 -253.947 -263.494 -273.563 -284.191 -295.417 -307.282 -319.831 -333.111 -347.175 -362.076 -377.872 -394.625 -412.398 -431.258 -451.271 -472.505 -495.024 -518.889 -544.148 -570.835 -598.957 -628.482 -659.321 -691.302 -724.13 -757.335 -790.195 -821.62 -849.993 -872.934 -886.945 -886.898 -865.27 -811 -707.795 -531.623 -247.058 197.854 878.303 1900.1 3403.92 5555.56 8497.99 12225 16348.7 19856.4 21218.9 19245 14206.5 7856.41 2126.49 -1976.18 -4401.77 -5555.56 -5897.12 -5779.9 -5433.33 -4992.46 -4531.21 -4087.18 -3677.46
-228.12 -236.29 -244.889 -253.947 -263.494 -273.563 -284.191 -295.417 -307.282 -319.831 -333.111 -347.175 -362.076 -377.872 -394.625 -412.398 -431.258 -451.271 -472.505 -495.024 -518.889 -544.148 -570.835 -598.957 -628.482 -659.321 -691.302 -724.13 -757.335 -790.195 -821.62 -849.993 -872.934 -886.945 -886.898 -865.27 -811 -707.795 -531.623 -247.058 197.854 878.303 1900.1 3403.92 5555.56 8497.99 12225 16348.7 19856.4 21218.9 19245 14206.5 7856.41 2126.49 -1976.18 -4401.77 -5555.56 -5897.12 -5779.9 -5433.33 -4992.46 -4531.21 -4087.18 -3677.46
-228.12 -236.29 -244.889 -253.947 -263.494 -273.563 -284.191 -295.417 -307.282 -319.831 -333.111 -347.175 -362.076 -377.872 -394.625 -412.398 -431.258 -451.271 -472.505 -495.024 -518.889 -544.148 -570.835 -598.957 -628.482 -659.321 -691.302 -724.13 -757.335 -790.195 -821.62 -849.993 -872.934 -886.945 -886.898 -865.27 -811 -707.795 -531.623 -247.058 197.854 878.303 1900.1 3403.92 5555.56 8497.99 12225 16348.7 19856.4 21218.9 19245 14206.5 7856.41 2126.49 -1976.18 -4401.77 -5555.56 -5897.12 -5779.9 -5433.33 -4992.46 -4531.21 -4087.18 -3677.46
-228.12 -236.29 -244.889 -253.947 -263.494 -273.563 -284.191 -295.417 -307.282 -319.831 -333.111 -347.175 -362.076 -377.872 -394.625 -412.398 -431.258 -451.271 -472.505 -495.024 -518.889 -544.148 -570.835 -598.957 -628.482 -659.321 -691.302 -724.13 -757.335 -790.195 -821.62 -849.993 -872.934 -886.945 -886.898 -865.27 -811 -707.795 -531.623 -247.058 197.854 878.303 1900.1 3403.92 5555.56 8497.99 12225 16348.7 19856.4 21218.9 19245 14206.5 7856.41 2126.49 -1976.18 -4401.77 -5555.56 -5897.12 -5779.9 -5433.33 -4992.46 -4531.21 -4087.18 -3677.46
-228.12 -236.29 -244.889 -253.947 -263.494 -273.563 -284.191 -295.417 -307.282 -319.831 -333.111 -347.175 -362.076 -377.872 -394.625 -412.398 -431.258 -451.271 -472.505 -495.024 -518.889 -544.148 -570.835 -598.957 -628.482 -659.321 -691.302 -724.13 -757.335 -790.195 -821.62 -849.993 -872.934 -886.945 -886.898 -865.27 -811 -707.795 -531.623 -247.058 197.854 878.303 1900.1 3403.92 5555.56 8497.99 12225 16348.7 19856.4 21218.9 19245 14206.5 7856.41 2126.49 -1976.18 -4401.77 -5555.56 -5897.12 -5779.9 -5433.33 -4992.46 -4531.21 -4087.18 -3677.46
-228.12 -236.29 -244.889 -253.947 -263.494 -273.563 -284.191 -295.417 -307.282 -319.831 -333.111 -347.175 -362.076 -377.872 -394.625 -412.398 -431.258 -451.271 -472.505 -495.024 -518.889 -544.148 -570.835 -598.957 -628.482 -659.321 -691.302 -724.13 -757.335 -790.195 -821.62 -849.993 -872.934 -886.945 -886.898 -865.27 -811 -707.795 -531.623 -247.058 197.854 878.303 1900.1 3403.92 5555.56 8497.99 12225 16348.7 19856.4 21218.9 19245 14206.5 7856.41 2126.49 -1976.18 -4401.77 -5555.56 -5897.12 -5779.9 -5433.33 -4992.46 -4531.21 -4087.18 -3677.46
-228.12 -236.29 -244.889 -253.947 -263.494 -273.563 -284.191 -295.417 -307.282 -319.831 -333.111 -347.175 -362.076 -377.872 -394.625 -412.398 -431.258 -451.271 -472.505 -495.024 -518.889 -544.148 -570.835 -598.957 -628.482 -659.321 -691.302 -724.13 -757.335 -790.195 -821.62 -849.993 -872.934 -886.945 -886.898 -865.27 -811 -707.795 -531.623 -247.058 197.854 878.303 1900.1 3403.92 5555.56 8497.99 12225 16348.7 19856.4 21218.9 19245 14206.5 7856.41 2126.49 -1976.18 -4401.77 -5555.56 -5897.12 -5779.9 -5433.33 -4992.46 -4531.21 -4087.18 -3677.46
-228.12 -236.29 -244.889 -253.947 -263.494 -273.563 -284.191 -295.417 -307.282 -319.831 -333.111 -347.175 -362.076 -377.872 -394.625 -412.398 -431.258 -451.271 -472.505 -495.024 -518.889 -544.148 -570.835 -598.957 -628.482 -659.321 -691.302 -724.13 -757.335 -790.195 -821.62 -849.993 -872.934 -886.945 -886.898 -865.27 -811 -707.795 -531.623 -247.058 197.854 878.303 1900.1 3403.92 5555.56 8497.99 12225 16348.7 19856.4 21218.9 19245 14206.5 7856.41 2126.49 -1976.18 -4401.77 -5555.56 -5897.12 -5779.9 -5433.33 -4992.46 -4531.21 -4087.18 -3677.46
-228.12 -236.29 -244.889 -253.947 -263.494 -273.563 -284.191 -295.417 -307.282 -319.831 -333.111 -347.175 -362.076 -377.872 -394.625 -412.398 -431.258 -451.271 -472.505 -495.024 -518.889 -544.148 -570.835 -598.957 -628.482 -659.321 -691.302 -724.13 -757.335 -790.195 -821.62 -849.993 -872.934 -886.945 -886.898 -865.27 -811 -707.795 -531.623 -247.058 197.854 878.303 1900.1 3403.92 5555.56 8497.99 12225 16348.7 19856.4 21218.9 19245 14206.5 7856.41 2126.49 -1976.18 -4401.77 -5555.56 -5897.12 -5779.9 -5433.33 -4992.46 -4531.21 -4087.18 -3677.46
-228.12 -236.29 -244.889 -253.947 -263.494 -273.563 -284.191 -295.417 -307.282 -319.831 -333.111 -347.175 -362.076 -377.872 -394.625 -412.398 -431.258 -451.271 -472.505 -495.024 -518.889 -544.148 -570.835 -598.957 -628.482 -659.321 -691.302 -724.13 -757.335 -790.195 -821.62 -849.993 -872.934 -886.945 -886.898 -865.27 -811 -707.795 -531.623 -247.058 197.854 878.303 1900.1 3403.92 5555.56 8497.99 12225 16348.7 19856.4 21218.9 19245 14206.5 7856.41 2126.49 -1976.18 -4401.77 -5555.56 -5897.12 -5779.9 -5433.33 -4992.46 -4531.21 -4087.18 -3677.46
-228.12 -236.29 -244.889 -253.947 -263.494 -273.563 -284.191 -295.417 -307.282 -319.831 -333.111 -347.175 -362.076 -377.872 -394.625 -412.398 -431.258 -451.271 -472.505 -495.024 -518.889 -544.148 -570.835 -598.957 -628.482 -659.321 -691.302 -724.13 -757.335 -790.195 -821.62 -849.993 -872.934 -886.945 -886.898 -865.27 -811 -707.795 -531.623 -247.058 197.854 878.303 1900.1 3403.92 5555.56 8497.99 12225 16348.7 19856.4 21218.9 19245 14206.5 7856.41 2126.49 -1976.18 -4401.77 -5555.56 -5897.12 -5779.9 -5433.33 -4992.46 -4531.21 -4087.18 -3677.46
-228.12 -236.29 -244.889 -253.947 -263.494 -273.563 -284.191 -295.417 -307.282 -319.831 -333.111 -347.175 -362.076 -377.872 -394.625 -412.398 -431.258 -451.271 -472.505 -495.024 -518.889 -544.148 -570.835 -598.957 -628.482 -659.321 -691.302 -724.13 -757.335 -790.195 -821.62 -849.993 -872.934 -886.945 -886.898 -865.27 -811 -707.795 -531.623 -247.058 197.854 878.303 1900.1 3403.92 5555.56 8497.99 12225 16348.7 19856.4 21218.9 19245 14206.5 7856.41 2126.49 -1976.18 -4401.77 -5555.56 -5897.12 -5779.9 -5433.33 -4992.46 -4531.21 -4087.18 -3677.46
-228.12 -236.29 -244.889 -253.947 -263.494 -273.563 -284.191 -295.417 -307.282 -319.831 -333.111 -347.175 -362.076 -377.872 -394.625 -412.398 -431.258 -451.271 -472.505 -495.024 -518.889 -544.148 -570.835 -598.957 -628.482 -659.321 -691.302 -724.13 -757.335 -790.195 -821.62 -849.993 -872.934 -886.945 -886.898 -865.27 -811 -707.795 -531.623 -247.058 197.854 878.303 1900.1 3403.92 5555.56 8497.99 12225 16348.7 19856.4 21218.9 19245 14206.5 7856.41 2126.49 -1976.18 -4401.77 -5555.56 -5897.12 -5779.9 -5433.33 -4992.46 -4531.21 -4087.18 -3677.46
-228.12 -236.29 -244.889 -253.947 -263.494 -273.563 -284.191 -295.417 -307.282 -319.831 -333.111 -347.175 -362.076 -377.872 -394.625 -412.398 -431.258 -451.271 -472.505 -495.024 -518.889 -544.148 -570.835 -598.957 -628.482 -659.321 -691.302 -724.13 -757.335 -790.195 -821.62 -849.993 -872.934 -886.945 -886.898 -865.27 -811 -707.795 -531.623 -247.058 197.854 878.303 1900.1 3403.92 5555.56 8497.99 12225 16348.7 19856.4 21218.9 19245 14206.5 7856.41 2126.49 -1976.18 -4401.77 -5555.56 -5897.12 -5779.9 -5433.33 -4992.46 -4531.21 -4087.18 -3677.46
-228.12 -236.29 -244.889 -253.947 -263.494 -273.563 -284.191 -295.417 -307.282 -319.831 -333.111 -347.175 -362.076 -377.872 -394.625 -412.398 -431.258 -451.271 -472.505 -495.024 -518.889 -544.148 -570.835 -598.957 -628.482 -659.321 -691.302 -724.13 -757.335 -790.195 -821.62 -849.993 -872.934 -886.945 -886.898 -865.27 -811 -707.795 -531.623 -247.058 197.854 878.303 1900.1 3403.92 5555.56 8497.99 12225 16348.7 19856.4 21218.9 19245 14206.5 7856.41 2126.49 -1976.18 -4401.77 -5555.56 -5897.12 -5779.9 -5433.33 -4992.46 -4531.21 -4087.18 -3677.46
